,Unnamed: 0,person:1,car:2,car:3,car:4,person:5,car:6,car:7,car:8,car:9,car:10,car:11,truck:10,car:12,truck:12,car:13
0,person:1,0.0,908.0,1503.0,1176.0,2150.0,,,,,,,,,,
1,car:2,908.0,0.0,617.0,269.0,2989.0,,,,,,,,,,
2,car:3,1503.0,617.0,0.0,364.0,3606.0,,,,,,,,,,
3,car:4,1176.0,269.0,364.0,0.0,3250.0,,,,,,,,,,
4,person:5,2150.0,2989.0,3606.0,3250.0,0.0,,,,,,,,,,
0,person:1,0.0,914.0,1512.0,1184.0,2147.0,,,,,,,,,,
1,car:2,914.0,0.0,619.0,269.0,2992.0,,,,,,,,,,
2,car:3,1512.0,619.0,0.0,367.0,3611.0,,,,,,,,,,
3,car:4,1184.0,269.0,367.0,0.0,3253.0,,,,,,,,,,
4,person:5,2147.0,2992.0,3611.0,3253.0,0.0,,,,,,,,,,
0,person:1,0.0,990.0,1603.0,1248.0,2075.0,736.0,,,,,,,,,
1,car:2,990.0,0.0,632.0,258.0,2992.0,317.0,,,,,,,,,
2,car:3,1603.0,632.0,0.0,392.0,3625.0,945.0,,,,,,,,,
3,car:4,1248.0,258.0,392.0,0.0,3240.0,556.0,,,,,,,,,
4,person:5,2075.0,2992.0,3625.0,3240.0,0.0,2683.0,,,,,,,,,
5,car:6,736.0,317.0,945.0,556.0,2683.0,0.0,,,,,,,,,
0,person:1,0.0,1210.0,2051.0,1495.0,,,1802.0,947.0,,,,,,,
1,car:2,1210.0,0.0,847.0,285.0,,,592.0,2157.0,,,,,,,
2,car:3,2051.0,847.0,0.0,564.0,,,270.0,2998.0,,,,,,,
3,car:4,1495.0,285.0,564.0,0.0,,,307.0,2442.0,,,,,,,
4,car:7,1802.0,592.0,270.0,307.0,,,0.0,2750.0,,,,,,,
5,car:8,947.0,2157.0,2998.0,2442.0,,,2750.0,0.0,,,,,,,
0,person:1,0.0,1211.0,2057.0,1499.0,,,1811.0,938.0,,,,,,,
1,car:2,1211.0,0.0,853.0,288.0,,,600.0,2149.0,,,,,,,
2,car:3,2057.0,853.0,0.0,566.0,,,267.0,2995.0,,,,,,,
3,car:4,1499.0,288.0,566.0,0.0,,,311.0,2437.0,,,,,,,
4,car:7,1811.0,600.0,267.0,311.0,,,0.0,2749.0,,,,,,,
5,car:8,938.0,2149.0,2995.0,2437.0,,,2749.0,0.0,,,,,,,
0,person:1,0.0,1209.0,2060.0,1504.0,,,1816.0,921.0,,,,,,,
1,car:2,1209.0,0.0,857.0,294.0,,,607.0,2130.0,,,,,,,
2,car:3,2060.0,857.0,0.0,565.0,,,263.0,2981.0,,,,,,,
3,car:4,1504.0,294.0,565.0,0.0,,,312.0,2425.0,,,,,,,
4,car:7,1816.0,607.0,263.0,312.0,,,0.0,2737.0,,,,,,,
5,car:8,921.0,2130.0,2981.0,2425.0,,,2737.0,0.0,,,,,,,
0,person:1,0.0,1209.0,2064.0,1508.0,,,1818.0,902.0,,,,,,,
1,car:2,1209.0,0.0,861.0,299.0,,,610.0,2110.0,,,,,,,
2,car:3,2064.0,861.0,0.0,565.0,,,263.0,2966.0,,,,,,,
3,car:4,1508.0,299.0,565.0,0.0,,,311.0,2410.0,,,,,,,
4,car:7,1818.0,610.0,263.0,311.0,,,0.0,2721.0,,,,,,,
5,car:8,902.0,2110.0,2966.0,2410.0,,,2721.0,0.0,,,,,,,
0,person:1,0.0,1210.0,2068.0,1513.0,,,1825.0,887.0,,,,,,,
1,car:2,1210.0,0.0,865.0,303.0,,,615.0,2096.0,,,,,,,
2,car:3,2068.0,865.0,0.0,565.0,,,262.0,2955.0,,,,,,,
3,car:4,1513.0,303.0,565.0,0.0,,,312.0,2399.0,,,,,,,
4,car:7,1825.0,615.0,262.0,312.0,,,0.0,2711.0,,,,,,,
5,car:8,887.0,2096.0,2955.0,2399.0,,,2711.0,0.0,,,,,,,
0,person:1,0.0,1216.0,2078.0,1523.0,,,1834.0,870.0,,,,,,,
1,car:2,1216.0,0.0,870.0,307.0,,,619.0,2085.0,,,,,,,
2,car:3,2078.0,870.0,0.0,565.0,,,262.0,2949.0,,,,,,,
3,car:4,1523.0,307.0,565.0,0.0,,,312.0,2392.0,,,,,,,
4,car:7,1834.0,619.0,262.0,312.0,,,0.0,2704.0,,,,,,,
5,car:8,870.0,2085.0,2949.0,2392.0,,,2704.0,0.0,,,,,,,
0,person:1,0.0,1221.0,2086.0,1529.0,,,1841.0,853.0,,,,,,,
1,car:2,1221.0,0.0,873.0,308.0,,,621.0,2072.0,,,,,,,
2,car:3,2086.0,873.0,0.0,567.0,,,265.0,2940.0,,,,,,,
3,car:4,1529.0,308.0,567.0,0.0,,,312.0,2381.0,,,,,,,
4,car:7,1841.0,621.0,265.0,312.0,,,0.0,2693.0,,,,,,,
5,car:8,853.0,2072.0,2940.0,2381.0,,,2693.0,0.0,,,,,,,
0,person:1,0.0,1223.0,2093.0,1532.0,,,1849.0,848.0,,,,,,,
1,car:2,1223.0,0.0,877.0,309.0,,,626.0,2070.0,,,,,,,
2,car:3,2093.0,877.0,0.0,571.0,,,263.0,2942.0,,,,,,,
3,car:4,1532.0,309.0,571.0,0.0,,,317.0,2380.0,,,,,,,
4,car:7,1849.0,626.0,263.0,317.0,,,0.0,2697.0,,,,,,,
5,car:8,848.0,2070.0,2942.0,2380.0,,,2697.0,0.0,,,,,,,
0,person:1,0.0,1223.0,2098.0,1537.0,,,1854.0,843.0,,,,,,,
1,car:2,1223.0,0.0,882.0,314.0,,,632.0,2064.0,,,,,,,
2,car:3,2098.0,882.0,0.0,571.0,,,264.0,2942.0,,,,,,,
3,car:4,1537.0,314.0,571.0,0.0,,,317.0,2379.0,,,,,,,
4,car:7,1854.0,632.0,264.0,317.0,,,0.0,2696.0,,,,,,,
5,car:8,843.0,2064.0,2942.0,2379.0,,,2696.0,0.0,,,,,,,
0,person:1,0.0,1221.0,2101.0,1536.0,,,1857.0,844.0,,,,,,,
1,car:2,1221.0,0.0,887.0,315.0,,,637.0,2063.0,,,,,,,
2,car:3,2101.0,887.0,0.0,575.0,,,264.0,2946.0,,,,,,,
3,car:4,1536.0,315.0,575.0,0.0,,,321.0,2379.0,,,,,,,
4,car:7,1857.0,637.0,264.0,321.0,,,0.0,2700.0,,,,,,,
5,car:8,844.0,2063.0,2946.0,2379.0,,,2700.0,0.0,,,,,,,
0,person:1,0.0,997.0,1611.0,1253.0,2068.0,747.0,,,,,,,,,
1,car:2,997.0,0.0,633.0,256.0,2994.0,316.0,,,,,,,,,
2,car:3,1611.0,633.0,0.0,395.0,3627.0,943.0,,,,,,,,,
3,car:4,1253.0,256.0,395.0,0.0,3239.0,551.0,,,,,,,,,
4,person:5,2068.0,2994.0,3627.0,3239.0,0.0,2688.0,,,,,,,,,
5,car:6,747.0,316.0,943.0,551.0,2688.0,0.0,,,,,,,,,
0,person:1,0.0,1221.0,2107.0,1539.0,,,1866.0,841.0,,,,,,,
1,car:2,1221.0,0.0,892.0,318.0,,,645.0,2061.0,,,,,,,
2,car:3,2107.0,892.0,0.0,578.0,,,261.0,2948.0,,,,,,,
3,car:4,1539.0,318.0,578.0,0.0,,,326.0,2379.0,,,,,,,
4,car:7,1866.0,645.0,261.0,326.0,,,0.0,2706.0,,,,,,,
5,car:8,841.0,2061.0,2948.0,2379.0,,,2706.0,0.0,,,,,,,
0,person:1,0.0,1218.0,2112.0,1543.0,,,1873.0,838.0,,,,,,,
1,car:2,1218.0,0.0,901.0,324.0,,,655.0,2054.0,,,,,,,
2,car:3,2112.0,901.0,0.0,579.0,,,259.0,2950.0,,,,,,,
3,car:4,1543.0,324.0,579.0,0.0,,,331.0,2379.0,,,,,,,
4,car:7,1873.0,655.0,259.0,331.0,,,0.0,2710.0,,,,,,,
5,car:8,838.0,2054.0,2950.0,2379.0,,,2710.0,0.0,,,,,,,
0,person:1,0.0,1227.0,2122.0,1552.0,,,1886.0,830.0,,,,,,,
1,car:2,1227.0,0.0,901.0,324.0,,,658.0,2056.0,,,,,,,
2,car:3,2122.0,901.0,0.0,579.0,,,255.0,2953.0,,,,,,,
3,car:4,1552.0,324.0,579.0,0.0,,,334.0,2381.0,,,,,,,
4,car:7,1886.0,658.0,255.0,334.0,,,0.0,2715.0,,,,,,,
5,car:8,830.0,2056.0,2953.0,2381.0,,,2715.0,0.0,,,,,,,
0,person:1,0.0,1239.0,2136.0,1564.0,,,1900.0,581.0,,,,,,,
1,car:2,1239.0,0.0,903.0,325.0,,,661.0,1820.0,,,,,,,
2,car:3,2136.0,903.0,0.0,580.0,,,255.0,2717.0,,,,,,,
3,car:4,1564.0,325.0,580.0,0.0,,,336.0,2146.0,,,,,,,
4,car:7,1900.0,661.0,255.0,336.0,,,0.0,2482.0,,,,,,,
5,car:8,581.0,1820.0,2717.0,2146.0,,,2482.0,0.0,,,,,,,
0,person:1,0.0,1251.0,2150.0,1578.0,,,1916.0,468.0,,,,,,,
1,car:2,1251.0,0.0,905.0,326.0,,,665.0,1719.0,,,,,,,
2,car:3,2150.0,905.0,0.0,581.0,,,254.0,2618.0,,,,,,,
3,car:4,1578.0,326.0,581.0,0.0,,,338.0,2046.0,,,,,,,
4,car:7,1916.0,665.0,254.0,338.0,,,0.0,2384.0,,,,,,,
5,car:8,468.0,1719.0,2618.0,2046.0,,,2384.0,0.0,,,,,,,
0,person:1,0.0,1258.0,2161.0,1590.0,,,1927.0,396.0,,,,,,,
1,car:2,1258.0,0.0,909.0,332.0,,,669.0,1655.0,,,,,,,
2,car:3,2161.0,909.0,0.0,580.0,,,253.0,2557.0,,,,,,,
3,car:4,1590.0,332.0,580.0,0.0,,,337.0,1987.0,,,,,,,
4,car:7,1927.0,669.0,253.0,337.0,,,0.0,2323.0,,,,,,,
5,car:8,396.0,1655.0,2557.0,1987.0,,,2323.0,0.0,,,,,,,
0,person:1,0.0,1269.0,2174.0,1605.0,,,1942.0,342.0,,,,,,,
1,car:2,1269.0,0.0,911.0,336.0,,,672.0,1611.0,,,,,,,
2,car:3,2174.0,911.0,0.0,578.0,,,251.0,2515.0,,,,,,,
3,car:4,1605.0,336.0,578.0,0.0,,,336.0,1947.0,,,,,,,
4,car:7,1942.0,672.0,251.0,336.0,,,0.0,2283.0,,,,,,,
5,car:8,342.0,1611.0,2515.0,1947.0,,,2283.0,0.0,,,,,,,
0,person:1,0.0,1277.0,2184.0,1616.0,,,1950.0,293.0,,,,,,,
1,car:2,1277.0,0.0,913.0,339.0,,,673.0,1569.0,,,,,,,
2,car:3,2184.0,913.0,0.0,577.0,,,254.0,2475.0,,,,,,,
3,car:4,1616.0,339.0,577.0,0.0,,,334.0,1908.0,,,,,,,
4,car:7,1950.0,673.0,254.0,334.0,,,0.0,2242.0,,,,,,,
5,car:8,293.0,1569.0,2475.0,1908.0,,,2242.0,0.0,,,,,,,
0,person:1,0.0,1285.0,2198.0,1628.0,,,1961.0,249.0,,,,,,,
1,car:2,1285.0,0.0,918.0,343.0,,,676.0,1532.0,,,,,,,
2,car:3,2198.0,918.0,0.0,578.0,,,255.0,2443.0,,,,,,,
3,car:4,1628.0,343.0,578.0,0.0,,,332.0,1875.0,,,,,,,
4,car:7,1961.0,676.0,255.0,332.0,,,0.0,2207.0,,,,,,,
5,car:8,249.0,1532.0,2443.0,1875.0,,,2207.0,0.0,,,,,,,
0,person:1,0.0,1296.0,2215.0,1643.0,,,1977.0,201.0,,,,,,,
1,car:2,1296.0,0.0,923.0,347.0,,,680.0,1491.0,,,,,,,
2,car:3,2215.0,923.0,0.0,579.0,,,255.0,2407.0,,,,,,,
3,car:4,1643.0,347.0,579.0,0.0,,,333.0,1838.0,,,,,,,
4,car:7,1977.0,680.0,255.0,333.0,,,0.0,2171.0,,,,,,,
5,car:8,201.0,1491.0,2407.0,1838.0,,,2171.0,0.0,,,,,,,
0,person:1,0.0,1006.0,1620.0,1261.0,2066.0,759.0,,,,,,,,,
1,car:2,1006.0,0.0,633.0,255.0,3001.0,314.0,,,,,,,,,
2,car:3,1620.0,633.0,0.0,396.0,3634.0,940.0,,,,,,,,,
3,car:4,1261.0,255.0,396.0,0.0,3245.0,548.0,,,,,,,,,
4,person:5,2066.0,3001.0,3634.0,3245.0,0.0,2698.0,,,,,,,,,
5,car:6,759.0,314.0,940.0,548.0,2698.0,0.0,,,,,,,,,
0,person:1,0.0,1307.0,2230.0,1657.0,,,1988.0,161.0,,,,,,,
1,car:2,1307.0,0.0,927.0,349.0,,,680.0,1469.0,,,,,,,
2,car:3,2230.0,927.0,0.0,581.0,,,260.0,2391.0,,,,,,,
3,car:4,1657.0,349.0,581.0,0.0,,,331.0,1818.0,,,,,,,
4,car:7,1988.0,680.0,260.0,331.0,,,0.0,2149.0,,,,,,,
5,car:8,161.0,1469.0,2391.0,1818.0,,,2149.0,0.0,,,,,,,
0,person:1,0.0,1314.0,2239.0,1662.0,,,1990.0,116.0,,,,,,,
1,car:2,1314.0,0.0,930.0,348.0,,,676.0,1425.0,,,,,,,
2,car:3,2239.0,930.0,0.0,585.0,,,267.0,2349.0,,,,,,,
3,car:4,1662.0,348.0,585.0,0.0,,,328.0,1773.0,,,,,,,
4,car:7,1990.0,676.0,267.0,328.0,,,0.0,2102.0,,,,,,,
5,car:8,116.0,1425.0,2349.0,1773.0,,,2102.0,0.0,,,,,,,
0,person:1,0.0,1318.0,2247.0,1662.0,,,1996.0,82.0,,,,,,,
1,car:2,1318.0,0.0,933.0,344.0,,,678.0,1387.0,,,,,,,
2,car:3,2247.0,933.0,0.0,592.0,,,269.0,2313.0,,,,,,,
3,car:4,1662.0,344.0,592.0,0.0,,,333.0,1731.0,,,,,,,
4,car:7,1996.0,678.0,269.0,333.0,,,0.0,2064.0,,,,,,,
5,car:8,82.0,1387.0,2313.0,1731.0,,,2064.0,0.0,,,,,,,
0,person:1,0.0,1324.0,2255.0,1667.0,,,1973.0,36.0,,,,,,,
1,car:2,1324.0,0.0,935.0,342.0,,,648.0,1359.0,,,,,,,
2,car:3,2255.0,935.0,0.0,596.0,,,302.0,2289.0,,,,,,,
3,car:4,1667.0,342.0,596.0,0.0,,,305.0,1701.0,,,,,,,
4,car:7,1973.0,648.0,302.0,305.0,,,0.0,2007.0,,,,,,,
5,car:8,36.0,1359.0,2289.0,1701.0,,,2007.0,0.0,,,,,,,
0,person:1,0.0,1330.0,2267.0,1679.0,,,1973.0,7.0,,,,,,,
1,car:2,1330.0,0.0,941.0,348.0,,,642.0,1323.0,,,,,,,
2,car:3,2267.0,941.0,0.0,595.0,,,313.0,2260.0,,,,,,,
3,car:4,1679.0,348.0,595.0,0.0,,,294.0,1671.0,,,,,,,
4,car:7,1973.0,642.0,313.0,294.0,,,0.0,1965.0,,,,,,,
5,car:8,7.0,1323.0,2260.0,1671.0,,,1965.0,0.0,,,,,,,
0,person:1,0.0,1335.0,2276.0,1686.0,,,1979.0,44.0,,,,,,,
1,car:2,1335.0,0.0,944.0,351.0,,,643.0,1291.0,,,,,,,
2,car:3,2276.0,944.0,0.0,596.0,,,316.0,2232.0,,,,,,,
3,car:4,1686.0,351.0,596.0,0.0,,,292.0,1642.0,,,,,,,
4,car:7,1979.0,643.0,316.0,292.0,,,0.0,1934.0,,,,,,,
5,car:8,44.0,1291.0,2232.0,1642.0,,,1934.0,0.0,,,,,,,
0,person:1,0.0,1349.0,2295.0,1702.0,,,1992.0,92.0,,,,,,,
1,car:2,1349.0,0.0,950.0,353.0,,,643.0,1257.0,,,,,,,
2,car:3,2295.0,950.0,0.0,599.0,,,319.0,2202.0,,,,,,,
3,car:4,1702.0,353.0,599.0,0.0,,,290.0,1610.0,,,,,,,
4,car:7,1992.0,643.0,319.0,290.0,,,0.0,1900.0,,,,,,,
5,car:8,92.0,1257.0,2202.0,1610.0,,,1900.0,0.0,,,,,,,
0,person:1,0.0,1350.0,2300.0,1704.0,,,1992.0,123.0,,,,,,,
1,car:2,1350.0,0.0,954.0,354.0,,,641.0,1227.0,,,,,,,
2,car:3,2300.0,954.0,0.0,601.0,,,324.0,2176.0,,,,,,,
3,car:4,1704.0,354.0,601.0,0.0,,,287.0,1581.0,,,,,,,
4,car:7,1992.0,641.0,324.0,287.0,,,0.0,1869.0,,,,,,,
5,car:8,123.0,1227.0,2176.0,1581.0,,,1869.0,0.0,,,,,,,
0,person:1,0.0,1351.0,2305.0,1708.0,,,1999.0,152.0,,,,,,,
1,car:2,1351.0,0.0,958.0,357.0,,,648.0,1200.0,,,,,,,
2,car:3,2305.0,958.0,0.0,602.0,,,321.0,2153.0,,,,,,,
3,car:4,1708.0,357.0,602.0,0.0,,,291.0,1557.0,,,,,,,
4,car:7,1999.0,648.0,321.0,291.0,,,0.0,1848.0,,,,,,,
5,car:8,152.0,1200.0,2153.0,1557.0,,,1848.0,0.0,,,,,,,
0,person:1,0.0,1353.0,2311.0,1715.0,,,2004.0,181.0,,,,,,,
1,car:2,1353.0,0.0,961.0,362.0,,,650.0,1174.0,,,,,,,
2,car:3,2311.0,961.0,0.0,600.0,,,323.0,2130.0,,,,,,,
3,car:4,1715.0,362.0,600.0,0.0,,,289.0,1535.0,,,,,,,
4,car:7,2004.0,650.0,323.0,289.0,,,0.0,1824.0,,,,,,,
5,car:8,181.0,1174.0,2130.0,1535.0,,,1824.0,0.0,,,,,,,
0,person:1,0.0,1014.0,1629.0,1269.0,2076.0,769.0,,,,,,,,,
1,car:2,1014.0,0.0,634.0,254.0,3016.0,311.0,,,,,,,,,
2,car:3,1629.0,634.0,0.0,398.0,3650.0,938.0,,,,,,,,,
3,car:4,1269.0,254.0,398.0,0.0,3260.0,544.0,,,,,,,,,
4,person:5,2076.0,3016.0,3650.0,3260.0,0.0,2715.0,,,,,,,,,
5,car:6,769.0,311.0,938.0,544.0,2715.0,0.0,,,,,,,,,
0,person:1,0.0,1357.0,2319.0,1725.0,,,2012.0,216.0,,,,,,,
1,car:2,1357.0,0.0,967.0,369.0,,,655.0,1143.0,,,,,,,
2,car:3,2319.0,967.0,0.0,598.0,,,323.0,2104.0,,,,,,,
3,car:4,1725.0,369.0,598.0,0.0,,,288.0,1510.0,,,,,,,
4,car:7,2012.0,655.0,323.0,288.0,,,0.0,1798.0,,,,,,,
5,car:8,216.0,1143.0,2104.0,1510.0,,,1798.0,0.0,,,,,,,
0,person:1,0.0,1364.0,2328.0,1736.0,,,2021.0,248.0,,,,,,,
1,car:2,1364.0,0.0,967.0,372.0,,,656.0,1119.0,,,,,,,
2,car:3,2328.0,967.0,0.0,596.0,,,322.0,2080.0,,,,,,,
3,car:4,1736.0,372.0,596.0,0.0,,,286.0,1489.0,,,,,,,
4,car:7,2021.0,656.0,322.0,286.0,,,0.0,1775.0,,,,,,,
5,car:8,248.0,1119.0,2080.0,1489.0,,,1775.0,0.0,,,,,,,
0,person:1,0.0,1367.0,2334.0,1742.0,,,2031.0,279.0,,,,,,,
1,car:2,1367.0,0.0,971.0,375.0,,,663.0,1090.0,,,,,,,
2,car:3,2334.0,971.0,0.0,596.0,,,319.0,2055.0,,,,,,,
3,car:4,1742.0,375.0,596.0,0.0,,,289.0,1463.0,,,,,,,
4,car:7,2031.0,663.0,319.0,289.0,,,0.0,1753.0,,,,,,,
5,car:8,279.0,1090.0,2055.0,1463.0,,,1753.0,0.0,,,,,,,
0,person:1,0.0,1370.0,2341.0,1746.0,,,2036.0,312.0,,,,,,,
1,car:2,1370.0,0.0,976.0,377.0,,,665.0,1059.0,,,,,,,
2,car:3,2341.0,976.0,0.0,599.0,,,321.0,2029.0,,,,,,,
3,car:4,1746.0,377.0,599.0,0.0,,,290.0,1434.0,,,,,,,
4,car:7,2036.0,665.0,321.0,290.0,,,0.0,1724.0,,,,,,,
5,car:8,312.0,1059.0,2029.0,1434.0,,,1724.0,0.0,,,,,,,
0,person:1,0.0,1375.0,2350.0,1754.0,,,2045.0,345.0,,,,,,,
1,car:2,1375.0,0.0,980.0,380.0,,,670.0,1032.0,,,,,,,
2,car:3,2350.0,980.0,0.0,599.0,,,320.0,2005.0,,,,,,,
3,car:4,1754.0,380.0,599.0,0.0,,,291.0,1411.0,,,,,,,
4,car:7,2045.0,670.0,320.0,291.0,,,0.0,1702.0,,,,,,,
5,car:8,345.0,1032.0,2005.0,1411.0,,,1702.0,0.0,,,,,,,
0,person:1,0.0,1382.0,2359.0,1765.0,,,2053.0,375.0,,,,,,,
1,car:2,1382.0,0.0,982.0,384.0,,,671.0,1009.0,,,,,,,
2,car:3,2359.0,982.0,0.0,598.0,,,321.0,1984.0,,,,,,,
3,car:4,1765.0,384.0,598.0,0.0,,,288.0,1391.0,,,,,,,
4,car:7,2053.0,671.0,321.0,288.0,,,0.0,1679.0,,,,,,,
5,car:8,375.0,1009.0,1984.0,1391.0,,,1679.0,0.0,,,,,,,
0,person:1,0.0,1394.0,2370.0,1775.0,,,2066.0,432.0,,,,,,,
1,car:2,1394.0,0.0,981.0,382.0,,,672.0,965.0,,,,,,,
2,car:3,2370.0,981.0,0.0,599.0,,,320.0,1938.0,,,,,,,
3,car:4,1775.0,382.0,599.0,0.0,,,291.0,1344.0,,,,,,,
4,car:7,2066.0,672.0,320.0,291.0,,,0.0,1636.0,,,,,,,
5,car:8,432.0,965.0,1938.0,1344.0,,,1636.0,0.0,,,,,,,
0,person:1,0.0,1407.0,2381.0,1783.0,,,2080.0,536.0,,,,,,,
1,car:2,1407.0,0.0,978.0,377.0,,,672.0,876.0,,,,,,,
2,car:3,2381.0,978.0,0.0,602.0,,,316.0,1845.0,,,,,,,
3,car:4,1783.0,377.0,602.0,0.0,,,297.0,1249.0,,,,,,,
4,car:7,2080.0,672.0,316.0,297.0,,,0.0,1547.0,,,,,,,
5,car:8,536.0,876.0,1845.0,1249.0,,,1547.0,0.0,,,,,,,
0,person:1,0.0,1409.0,2390.0,1793.0,,,2088.0,496.0,,,,,,,
1,car:2,1409.0,0.0,986.0,385.0,,,679.0,915.0,,,,,,,
2,car:3,2390.0,986.0,0.0,600.0,,,317.0,1893.0,,,,,,,
3,car:4,1793.0,385.0,600.0,0.0,,,295.0,1298.0,,,,,,,
4,car:7,2088.0,679.0,317.0,295.0,,,0.0,1593.0,,,,,,,
5,car:8,496.0,915.0,1893.0,1298.0,,,1593.0,0.0,,,,,,,
0,person:1,0.0,1413.0,2395.0,1796.0,,,2094.0,637.0,,,,,,,
1,car:2,1413.0,0.0,986.0,384.0,,,681.0,782.0,,,,,,,
2,car:3,2395.0,986.0,0.0,602.0,,,315.0,1758.0,,,,,,,
3,car:4,1796.0,384.0,602.0,0.0,,,298.0,1162.0,,,,,,,
4,car:7,2094.0,681.0,315.0,298.0,,,0.0,1461.0,,,,,,,
5,car:8,637.0,782.0,1758.0,1162.0,,,1461.0,0.0,,,,,,,
0,person:1,0.0,1022.0,1639.0,1276.0,2060.0,775.0,,,,,,,,,
1,car:2,1022.0,0.0,635.0,254.0,3015.0,310.0,,,,,,,,,
2,car:3,1639.0,635.0,0.0,398.0,3650.0,939.0,,,,,,,,,
3,car:4,1276.0,254.0,398.0,0.0,3260.0,544.0,,,,,,,,,
4,person:5,2060.0,3015.0,3650.0,3260.0,0.0,2716.0,,,,,,,,,
5,car:6,775.0,310.0,939.0,544.0,2716.0,0.0,,,,,,,,,
0,person:1,0.0,1420.0,2399.0,1800.0,,,2099.0,708.0,,,,,,,
1,car:2,1420.0,0.0,984.0,381.0,,,678.0,720.0,,,,,,,
2,car:3,2399.0,984.0,0.0,603.0,,,316.0,1692.0,,,,,,,
3,car:4,1800.0,381.0,603.0,0.0,,,299.0,1095.0,,,,,,,
4,car:7,2099.0,678.0,316.0,299.0,,,0.0,1395.0,,,,,,,
5,car:8,708.0,720.0,1692.0,1095.0,,,1395.0,0.0,,,,,,,
0,person:1,0.0,1427.0,2403.0,1805.0,,,2105.0,737.0,,,,,,,
1,car:2,1427.0,0.0,982.0,380.0,,,678.0,697.0,,,,,,,
2,car:3,2403.0,982.0,0.0,602.0,,,314.0,1667.0,,,,,,,
3,car:4,1805.0,380.0,602.0,0.0,,,300.0,1071.0,,,,,,,
4,car:7,2105.0,678.0,314.0,300.0,,,0.0,1372.0,,,,,,,
5,car:8,737.0,697.0,1667.0,1071.0,,,1372.0,0.0,,,,,,,
0,person:1,0.0,1429.0,2403.0,1807.0,,,2103.0,750.0,,,,,,,
1,car:2,1429.0,0.0,979.0,379.0,,,674.0,686.0,,,,,,,
2,car:3,2403.0,979.0,0.0,599.0,,,314.0,1653.0,,,,,,,
3,car:4,1807.0,379.0,599.0,0.0,,,297.0,1059.0,,,,,,,
4,car:7,2103.0,674.0,314.0,297.0,,,0.0,1357.0,,,,,,,
5,car:8,750.0,686.0,1653.0,1059.0,,,1357.0,0.0,,,,,,,
0,person:1,0.0,1432.0,2405.0,1812.0,,,2105.0,759.0,,,,,,,
1,car:2,1432.0,0.0,978.0,381.0,,,673.0,679.0,,,,,,,
2,car:3,2405.0,978.0,0.0,596.0,,,315.0,1646.0,,,,,,,
3,car:4,1812.0,381.0,596.0,0.0,,,294.0,1055.0,,,,,,,
4,car:7,2105.0,673.0,315.0,294.0,,,0.0,1349.0,,,,,,,
5,car:8,759.0,679.0,1646.0,1055.0,,,1349.0,0.0,,,,,,,
0,person:1,0.0,1436.0,2409.0,1817.0,,,2108.0,771.0,,,,,,,
1,car:2,1436.0,0.0,978.0,383.0,,,672.0,671.0,,,,,,,
2,car:3,2409.0,978.0,0.0,595.0,,,316.0,1638.0,,,,,,,
3,car:4,1817.0,383.0,595.0,0.0,,,292.0,1048.0,,,,,,,
4,car:7,2108.0,672.0,316.0,292.0,,,0.0,1341.0,,,,,,,
5,car:8,771.0,671.0,1638.0,1048.0,,,1341.0,0.0,,,,,,,
0,person:1,0.0,1441.0,2412.0,1820.0,,,2109.0,780.0,,,,,,,
1,car:2,1441.0,0.0,975.0,381.0,,,668.0,667.0,,,,,,,
2,car:3,2412.0,975.0,0.0,594.0,,,318.0,1632.0,,,,,,,
3,car:4,1820.0,381.0,594.0,0.0,,,290.0,1042.0,,,,,,,
4,car:7,2109.0,668.0,318.0,290.0,,,0.0,1332.0,,,,,,,
5,car:8,780.0,667.0,1632.0,1042.0,,,1332.0,0.0,,,,,,,
0,person:1,0.0,1441.0,2411.0,1820.0,,,2106.0,791.0,,,,,,,
1,car:2,1441.0,0.0,974.0,380.0,,,664.0,656.0,,,,,,,
2,car:3,2411.0,974.0,0.0,593.0,,,320.0,1620.0,,,,,,,
3,car:4,1820.0,380.0,593.0,0.0,,,287.0,1031.0,,,,,,,
4,car:7,2106.0,664.0,320.0,287.0,,,0.0,1318.0,,,,,,,
5,car:8,791.0,656.0,1620.0,1031.0,,,1318.0,0.0,,,,,,,
0,person:1,0.0,1436.0,2408.0,1817.0,,,2100.0,803.0,,,,,,,
1,car:2,1436.0,0.0,975.0,382.0,,,664.0,640.0,,,,,,,
2,car:3,2408.0,975.0,0.0,592.0,,,322.0,1605.0,,,,,,,
3,car:4,1817.0,382.0,592.0,0.0,,,286.0,1017.0,,,,,,,
4,car:7,2100.0,664.0,322.0,286.0,,,0.0,1302.0,,,,,,,
5,car:8,803.0,640.0,1605.0,1017.0,,,1302.0,0.0,,,,,,,
0,person:1,0.0,1435.0,2408.0,1819.0,,,2098.0,818.0,,,,,,,
1,car:2,1435.0,0.0,976.0,384.0,,,662.0,626.0,,,,,,,
2,car:3,2408.0,976.0,0.0,591.0,,,324.0,1591.0,,,,,,,
3,car:4,1819.0,384.0,591.0,0.0,,,282.0,1004.0,,,,,,,
4,car:7,2098.0,662.0,324.0,282.0,,,0.0,1286.0,,,,,,,
5,car:8,818.0,626.0,1591.0,1004.0,,,1286.0,0.0,,,,,,,
0,person:1,0.0,1430.0,2406.0,1818.0,,,2096.0,832.0,,,,,,,
1,car:2,1430.0,0.0,979.0,390.0,,,666.0,607.0,,,,,,,
2,car:3,2406.0,979.0,0.0,589.0,,,324.0,1576.0,,,,,,,
3,car:4,1818.0,390.0,589.0,0.0,,,280.0,990.0,,,,,,,
4,car:7,2096.0,666.0,324.0,280.0,,,0.0,1270.0,,,,,,,
5,car:8,832.0,607.0,1576.0,990.0,,,1270.0,0.0,,,,,,,
0,person:1,0.0,1024.0,1645.0,1281.0,2055.0,782.0,,,,,,,,,
1,car:2,1024.0,0.0,639.0,257.0,3010.0,305.0,,,,,,,,,
2,car:3,1645.0,639.0,0.0,399.0,3649.0,938.0,,,,,,,,,
3,car:4,1281.0,257.0,399.0,0.0,3257.0,541.0,,,,,,,,,
4,person:5,2055.0,3010.0,3649.0,3257.0,0.0,2715.0,,,,,,,,,
5,car:6,782.0,305.0,938.0,541.0,2715.0,0.0,,,,,,,,,
0,person:1,0.0,1428.0,2406.0,1819.0,,,2097.0,848.0,,,,,,,
1,car:2,1428.0,0.0,980.0,392.0,,,669.0,589.0,,,,,,,
2,car:3,2406.0,980.0,0.0,587.0,,,322.0,1559.0,,,,,,,
3,car:4,1819.0,392.0,587.0,0.0,,,280.0,975.0,,,,,,,
4,car:7,2097.0,669.0,322.0,280.0,,,0.0,1255.0,,,,,,,
5,car:8,848.0,589.0,1559.0,975.0,,,1255.0,0.0,,,,,,,
0,person:1,0.0,1426.0,2403.0,1818.0,,,2092.0,862.0,,,,,,,
1,car:2,1426.0,0.0,980.0,394.0,,,666.0,574.0,,,,,,,
2,car:3,2403.0,980.0,0.0,586.0,,,324.0,1543.0,,,,,,,
3,car:4,1818.0,394.0,586.0,0.0,,,276.0,960.0,,,,,,,
4,car:7,2092.0,666.0,324.0,276.0,,,0.0,1236.0,,,,,,,
5,car:8,862.0,574.0,1543.0,960.0,,,1236.0,0.0,,,,,,,
0,person:1,0.0,1429.0,2406.0,1821.0,,,2094.0,876.0,,,,,,,
1,car:2,1429.0,0.0,979.0,394.0,,,665.0,566.0,,,,,,,
2,car:3,2406.0,979.0,0.0,585.0,,,323.0,1533.0,,,,,,,
3,car:4,1821.0,394.0,585.0,0.0,,,277.0,951.0,,,,,,,
4,car:7,2094.0,665.0,323.0,277.0,,,0.0,1227.0,,,,,,,
5,car:8,876.0,566.0,1533.0,951.0,,,1227.0,0.0,,,,,,,
0,person:1,0.0,1434.0,2411.0,1825.0,,,2097.0,899.0,,,,,,,
1,car:2,1434.0,0.0,978.0,392.0,,,662.0,550.0,,,,,,,
2,car:3,2411.0,978.0,0.0,586.0,,,324.0,1515.0,,,,,,,
3,car:4,1825.0,392.0,586.0,0.0,,,275.0,933.0,,,,,,,
4,car:7,2097.0,662.0,324.0,275.0,,,0.0,1208.0,,,,,,,
5,car:8,899.0,550.0,1515.0,933.0,,,1208.0,0.0,,,,,,,
0,person:1,0.0,1438.0,2414.0,1826.0,,,2095.0,913.0,,,,,,,
1,car:2,1438.0,0.0,978.0,389.0,,,656.0,538.0,,,,,,,
2,car:3,2414.0,978.0,0.0,588.0,,,329.0,1503.0,,,,,,,
3,car:4,1826.0,389.0,588.0,0.0,,,272.0,918.0,,,,,,,
4,car:7,2095.0,656.0,329.0,272.0,,,0.0,1190.0,,,,,,,
5,car:8,913.0,538.0,1503.0,918.0,,,1190.0,0.0,,,,,,,
0,person:1,0.0,1449.0,2422.0,1833.0,,,2099.0,935.0,,,,,,,
1,car:2,1449.0,0.0,975.0,385.0,,,649.0,527.0,,,,,,,
2,car:3,2422.0,975.0,0.0,589.0,,,333.0,1490.0,,,,,,,
3,car:4,1833.0,385.0,589.0,0.0,,,269.0,903.0,,,,,,,
4,car:7,2099.0,649.0,333.0,269.0,,,0.0,1172.0,,,,,,,
5,car:8,935.0,527.0,1490.0,903.0,,,1172.0,0.0,,,,,,,
0,person:1,0.0,1460.0,2428.0,1838.0,,,2104.0,950.0,,,,,,,
1,car:2,1460.0,0.0,969.0,379.0,,,643.0,525.0,,,,,,,
2,car:3,2428.0,969.0,0.0,590.0,,,334.0,1481.0,,,,,,,
3,car:4,1838.0,379.0,590.0,0.0,,,270.0,894.0,,,,,,,
4,car:7,2104.0,643.0,334.0,270.0,,,0.0,1163.0,,,,,,,
5,car:8,950.0,525.0,1481.0,894.0,,,1163.0,0.0,,,,,,,
0,person:1,0.0,1473.0,2436.0,1845.0,,,2114.0,966.0,,,,,,,
1,car:2,1473.0,0.0,965.0,373.0,,,641.0,521.0,,,,,,,
2,car:3,2436.0,965.0,0.0,592.0,,,332.0,1473.0,,,,,,,
3,car:4,1845.0,373.0,592.0,0.0,,,274.0,884.0,,,,,,,
4,car:7,2114.0,641.0,332.0,274.0,,,0.0,1157.0,,,,,,,
5,car:8,966.0,521.0,1473.0,884.0,,,1157.0,0.0,,,,,,,
0,person:1,0.0,1487.0,2443.0,1852.0,,,2117.0,980.0,,,,,,,
1,car:2,1487.0,0.0,959.0,367.0,,,630.0,519.0,,,,,,,
2,car:3,2443.0,959.0,0.0,592.0,,,336.0,1466.0,,,,,,,
3,car:4,1852.0,367.0,592.0,0.0,,,270.0,876.0,,,,,,,
4,car:7,2117.0,630.0,336.0,270.0,,,0.0,1145.0,,,,,,,
5,car:8,980.0,519.0,1466.0,876.0,,,1145.0,0.0,,,,,,,
0,person:1,0.0,1502.0,2451.0,1859.0,,,2125.0,993.0,,,,,,,
1,car:2,1502.0,0.0,951.0,359.0,,,623.0,522.0,,,,,,,
2,car:3,2451.0,951.0,0.0,592.0,,,335.0,1461.0,,,,,,,
3,car:4,1859.0,359.0,592.0,0.0,,,269.0,872.0,,,,,,,
4,car:7,2125.0,623.0,335.0,269.0,,,0.0,1140.0,,,,,,,
5,car:8,993.0,522.0,1461.0,872.0,,,1140.0,0.0,,,,,,,
0,person:1,0.0,1030.0,1652.0,1286.0,2049.0,790.0,,,,,,,,,
1,car:2,1030.0,0.0,639.0,256.0,3009.0,302.0,,,,,,,,,
2,car:3,1652.0,639.0,0.0,401.0,3649.0,934.0,,,,,,,,,
3,car:4,1286.0,256.0,401.0,0.0,3255.0,537.0,,,,,,,,,
4,person:5,2049.0,3009.0,3649.0,3255.0,0.0,2718.0,,,,,,,,,
5,car:6,790.0,302.0,934.0,537.0,2718.0,0.0,,,,,,,,,
0,person:1,0.0,1516.0,2459.0,1868.0,,,2134.0,1006.0,,,,,,,
1,car:2,1516.0,0.0,946.0,354.0,,,618.0,523.0,,,,,,,
2,car:3,2459.0,946.0,0.0,592.0,,,335.0,1455.0,,,,,,,
3,car:4,1868.0,354.0,592.0,0.0,,,268.0,867.0,,,,,,,
4,car:7,2134.0,618.0,335.0,268.0,,,0.0,1135.0,,,,,,,
5,car:8,1006.0,523.0,1455.0,867.0,,,1135.0,0.0,,,,,,,
0,person:1,0.0,1529.0,2469.0,1879.0,,,2143.0,1020.0,,,,,,,
1,car:2,1529.0,0.0,943.0,352.0,,,614.0,522.0,,,,,,,
2,car:3,2469.0,943.0,0.0,591.0,,,335.0,1451.0,,,,,,,
3,car:4,1879.0,352.0,591.0,0.0,,,266.0,863.0,,,,,,,
4,car:7,2143.0,614.0,335.0,266.0,,,0.0,1130.0,,,,,,,
5,car:8,1020.0,522.0,1451.0,863.0,,,1130.0,0.0,,,,,,,
0,person:1,0.0,1542.0,2477.0,1888.0,,,2153.0,1032.0,,,,,,,
1,car:2,1542.0,0.0,938.0,348.0,,,611.0,521.0,,,,,,,
2,car:3,2477.0,938.0,0.0,589.0,,,334.0,1446.0,,,,,,,
3,car:4,1888.0,348.0,589.0,0.0,,,267.0,860.0,,,,,,,
4,car:7,2153.0,611.0,334.0,267.0,,,0.0,1127.0,,,,,,,
5,car:8,1032.0,521.0,1446.0,860.0,,,1127.0,0.0,,,,,,,
0,person:1,0.0,1558.0,2487.0,1898.0,,,2162.0,1044.0,,,,,,,
1,car:2,1558.0,0.0,933.0,344.0,,,604.0,525.0,,,,,,,
2,car:3,2487.0,933.0,0.0,589.0,,,336.0,1444.0,,,,,,,
3,car:4,1898.0,344.0,589.0,0.0,,,267.0,858.0,,,,,,,
4,car:7,2162.0,604.0,336.0,267.0,,,0.0,1124.0,,,,,,,
5,car:8,1044.0,525.0,1444.0,858.0,,,1124.0,0.0,,,,,,,
0,person:1,0.0,1574.0,2495.0,1908.0,,,2168.0,1063.0,,,,,,,
1,car:2,1574.0,0.0,926.0,339.0,,,594.0,525.0,,,,,,,
2,car:3,2495.0,926.0,0.0,588.0,,,337.0,1433.0,,,,,,,
3,car:4,1908.0,339.0,588.0,0.0,,,264.0,848.0,,,,,,,
4,car:7,2168.0,594.0,337.0,264.0,,,0.0,1111.0,,,,,,,
5,car:8,1063.0,525.0,1433.0,848.0,,,1111.0,0.0,,,,,,,
0,person:1,0.0,1592.0,2504.0,1918.0,,,2174.0,1087.0,,,,,,,
1,car:2,1592.0,0.0,921.0,337.0,,,584.0,523.0,,,,,,,
2,car:3,2504.0,921.0,0.0,587.0,,,341.0,1418.0,,,,,,,
3,car:4,1918.0,337.0,587.0,0.0,,,260.0,833.0,,,,,,,
4,car:7,2174.0,584.0,341.0,260.0,,,0.0,1092.0,,,,,,,
5,car:8,1087.0,523.0,1418.0,833.0,,,1092.0,0.0,,,,,,,
0,person:1,0.0,1611.0,2512.0,1925.0,,,2182.0,1112.0,,,,,,,
1,car:2,1611.0,0.0,916.0,335.0,,,576.0,523.0,,,,,,,
2,car:3,2512.0,916.0,0.0,588.0,,,342.0,1402.0,,,,,,,
3,car:4,1925.0,335.0,588.0,0.0,,,261.0,817.0,,,,,,,
4,car:7,2182.0,576.0,342.0,261.0,,,0.0,1076.0,,,,,,,
5,car:8,1112.0,523.0,1402.0,817.0,,,1076.0,0.0,,,,,,,
0,person:1,0.0,,2522.0,1933.0,,,2191.0,1137.0,,,,,,,
1,car:3,2522.0,,0.0,589.0,,,341.0,1386.0,,,,,,,
2,car:4,1933.0,,589.0,0.0,,,262.0,799.0,,,,,,,
3,car:7,2191.0,,341.0,262.0,,,0.0,1060.0,,,,,,,
4,car:8,1137.0,,1386.0,799.0,,,1060.0,0.0,,,,,,,
0,person:1,0.0,,2534.0,1944.0,,,2203.0,1164.0,,,,,,,
1,car:3,2534.0,,0.0,591.0,,,341.0,1371.0,,,,,,,
2,car:4,1944.0,,591.0,0.0,,,263.0,783.0,,,,,,,
3,car:7,2203.0,,341.0,263.0,,,0.0,1046.0,,,,,,,
4,car:8,1164.0,,1371.0,783.0,,,1046.0,0.0,,,,,,,
0,person:1,0.0,,2547.0,1956.0,,,2214.0,1195.0,,,,,,,
1,car:3,2547.0,,0.0,592.0,,,344.0,1353.0,,,,,,,
2,car:4,1956.0,,592.0,0.0,,,263.0,764.0,,,,,,,
3,car:7,2214.0,,344.0,263.0,,,0.0,1025.0,,,,,,,
4,car:8,1195.0,,1353.0,764.0,,,1025.0,0.0,,,,,,,
0,person:1,0.0,1035.0,1659.0,1291.0,2042.0,801.0,,,,,,,,,
1,car:2,1035.0,0.0,641.0,255.0,3007.0,294.0,,,,,,,,,
2,car:3,1659.0,641.0,0.0,404.0,3649.0,928.0,,,,,,,,,
3,car:4,1291.0,255.0,404.0,0.0,3252.0,528.0,,,,,,,,,
4,person:5,2042.0,3007.0,3649.0,3252.0,0.0,2724.0,,,,,,,,,
5,car:6,801.0,294.0,928.0,528.0,2724.0,0.0,,,,,,,,,
0,person:1,0.0,,2557.0,1966.0,,,2226.0,1221.0,,,,,,,
1,car:3,2557.0,,0.0,592.0,,,343.0,1337.0,,,,,,,
2,car:4,1966.0,,592.0,0.0,,,265.0,748.0,,,,,,,
3,car:7,2226.0,,343.0,265.0,,,0.0,1011.0,,,,,,,
4,car:8,1221.0,,1337.0,748.0,,,1011.0,0.0,,,,,,,
0,person:1,0.0,,2564.0,1976.0,,,2237.0,1247.0,,,,,,,
1,car:3,2564.0,,0.0,588.0,,,339.0,1318.0,,,,,,,
2,car:4,1976.0,,588.0,0.0,,,265.0,733.0,,,,,,,
3,car:7,2237.0,,339.0,265.0,,,0.0,997.0,,,,,,,
4,car:8,1247.0,,1318.0,733.0,,,997.0,0.0,,,,,,,
0,person:1,0.0,,2574.0,1986.0,,,2248.0,1270.0,,,,,,,
1,car:3,2574.0,,0.0,589.0,,,338.0,1305.0,,,,,,,
2,car:4,1986.0,,589.0,0.0,,,267.0,719.0,,,,,,,
3,car:7,2248.0,,338.0,267.0,,,0.0,985.0,,,,,,,
4,car:8,1270.0,,1305.0,719.0,,,985.0,0.0,,,,,,,
0,person:1,0.0,,2582.0,1996.0,,,2256.0,1296.0,,,,,,,
1,car:3,2582.0,,0.0,586.0,,,339.0,1286.0,,,,,,,
2,car:4,1996.0,,586.0,0.0,,,265.0,703.0,,,,,,,
3,car:7,2256.0,,339.0,265.0,,,0.0,967.0,,,,,,,
4,car:8,1296.0,,1286.0,703.0,,,967.0,0.0,,,,,,,
0,person:1,0.0,,2597.0,2011.0,,,2268.0,1328.0,,,,,,,
1,car:3,2597.0,,0.0,587.0,,,343.0,1270.0,,,,,,,
2,car:4,2011.0,,587.0,0.0,,,263.0,686.0,,,,,,,
3,car:7,2268.0,,343.0,263.0,,,0.0,948.0,,,,,,,
4,car:8,1328.0,,1270.0,686.0,,,948.0,0.0,,,,,,,
0,person:1,0.0,,2615.0,2027.0,,,2285.0,1358.0,,,,,,,
1,car:3,2615.0,,0.0,589.0,,,344.0,1258.0,,,,,,,
2,car:4,2027.0,,589.0,0.0,,,263.0,672.0,,,,,,,
3,car:7,2285.0,,344.0,263.0,,,0.0,934.0,,,,,,,
4,car:8,1358.0,,1258.0,672.0,,,934.0,0.0,,,,,,,
0,person:1,0.0,,2630.0,2037.0,,,2298.0,1387.0,,,,,,,
1,car:3,2630.0,,0.0,593.0,,,345.0,1244.0,,,,,,,
2,car:4,2037.0,,593.0,0.0,,,265.0,654.0,,,,,,,
3,car:7,2298.0,,345.0,265.0,,,0.0,919.0,,,,,,,
4,car:8,1387.0,,1244.0,654.0,,,919.0,0.0,,,,,,,
0,person:1,0.0,,2649.0,2056.0,,,2317.0,1420.0,,,,,,,
1,car:3,2649.0,,0.0,593.0,,,345.0,1230.0,,,,,,,
2,car:4,2056.0,,593.0,0.0,,,267.0,640.0,,,,,,,
3,car:7,2317.0,,345.0,267.0,,,0.0,905.0,,,,,,,
4,car:8,1420.0,,1230.0,640.0,,,905.0,0.0,,,,,,,
0,person:1,0.0,,2673.0,2077.0,,,2338.0,1456.0,,,,,,,
1,car:3,2673.0,,0.0,597.0,,,347.0,1218.0,,,,,,,
2,car:4,2077.0,,597.0,0.0,,,268.0,624.0,,,,,,,
3,car:7,2338.0,,347.0,268.0,,,0.0,891.0,,,,,,,
4,car:8,1456.0,,1218.0,624.0,,,891.0,0.0,,,,,,,
0,person:1,0.0,,2693.0,2097.0,,,2355.0,1488.0,,,,,,,
1,car:3,2693.0,,0.0,596.0,,,350.0,1206.0,,,,,,,
2,car:4,2097.0,,596.0,0.0,,,264.0,613.0,,,,,,,
3,car:7,2355.0,,350.0,264.0,,,0.0,876.0,,,,,,,
4,car:8,1488.0,,1206.0,613.0,,,876.0,0.0,,,,,,,
0,person:1,0.0,1035.0,1662.0,1291.0,,806.0,,,,,,,,,
1,car:2,1035.0,0.0,644.0,255.0,,281.0,,,,,,,,,
2,car:3,1662.0,644.0,0.0,405.0,,920.0,,,,,,,,,
3,car:4,1291.0,255.0,405.0,0.0,,518.0,,,,,,,,,
4,car:6,806.0,281.0,920.0,518.0,,0.0,,,,,,,,,
0,person:1,0.0,,2718.0,2124.0,,,2383.0,1527.0,,,,,,,
1,car:3,2718.0,,0.0,594.0,,,347.0,1191.0,,,,,,,
2,car:4,2124.0,,594.0,0.0,,,263.0,601.0,,,,,,,
3,car:7,2383.0,,347.0,263.0,,,0.0,864.0,,,,,,,
4,car:8,1527.0,,1191.0,601.0,,,864.0,0.0,,,,,,,
0,person:1,0.0,,2745.0,2153.0,,,2404.0,1568.0,,,,,,,
1,car:3,2745.0,,0.0,592.0,,,352.0,1179.0,,,,,,,
2,car:4,2153.0,,592.0,0.0,,,256.0,591.0,,,,,,,
3,car:7,2404.0,,352.0,256.0,,,0.0,846.0,,,,,,,
4,car:8,1568.0,,1179.0,591.0,,,846.0,0.0,,,,,,,
0,person:1,0.0,,2769.0,2182.0,,,2428.0,1607.0,,,,,,,
1,car:3,2769.0,,0.0,588.0,,,352.0,1164.0,,,,,,,
2,car:4,2182.0,,588.0,0.0,,,251.0,581.0,,,,,,,
3,car:7,2428.0,,352.0,251.0,,,0.0,832.0,,,,,,,
4,car:8,1607.0,,1164.0,581.0,,,832.0,0.0,,,,,,,
0,person:1,0.0,,2792.0,2212.0,,,2450.0,1644.0,,,,,,,
1,car:3,2792.0,,0.0,580.0,,,350.0,1152.0,,,,,,,
2,car:4,2212.0,,580.0,0.0,,,244.0,577.0,,,,,,,
3,car:7,2450.0,,350.0,244.0,,,0.0,821.0,,,,,,,
4,car:8,1644.0,,1152.0,577.0,,,821.0,0.0,,,,,,,
0,person:1,0.0,,2811.0,2236.0,,,2469.0,1678.0,,,,,,,
1,car:3,2811.0,,0.0,575.0,,,351.0,1137.0,,,,,,,
2,car:4,2236.0,,575.0,0.0,,,239.0,567.0,,,,,,,
3,car:7,2469.0,,351.0,239.0,,,0.0,806.0,,,,,,,
4,car:8,1678.0,,1137.0,567.0,,,806.0,0.0,,,,,,,
0,person:1,0.0,,2839.0,2264.0,,,2498.0,1720.0,,,,,,,
1,car:3,2839.0,,0.0,575.0,,,351.0,1122.0,,,,,,,
2,car:4,2264.0,,575.0,0.0,,,239.0,553.0,,,,,,,
3,car:7,2498.0,,351.0,239.0,,,0.0,792.0,,,,,,,
4,car:8,1720.0,,1122.0,553.0,,,792.0,0.0,,,,,,,
0,person:1,0.0,,2864.0,2290.0,,,2527.0,1756.0,,,,,,,
1,car:3,2864.0,,0.0,575.0,,,347.0,1110.0,,,,,,,
2,car:4,2290.0,,575.0,0.0,,,241.0,541.0,,,,,,,
3,car:7,2527.0,,347.0,241.0,,,0.0,783.0,,,,,,,
4,car:8,1756.0,,1110.0,541.0,,,783.0,0.0,,,,,,,
0,person:1,0.0,,2886.0,2314.0,,,2546.0,1781.0,,,,,,,
1,car:3,2886.0,,0.0,573.0,,,350.0,1107.0,,,,,,,
2,car:4,2314.0,,573.0,0.0,,,236.0,540.0,,,,,,,
3,car:7,2546.0,,350.0,236.0,,,0.0,777.0,,,,,,,
4,car:8,1781.0,,1107.0,540.0,,,777.0,0.0,,,,,,,
0,person:1,0.0,,2908.0,2337.0,,,2564.0,1807.0,,,,,,,
1,car:3,2908.0,,0.0,571.0,,,354.0,1103.0,,,,,,,
2,car:4,2337.0,,571.0,0.0,,,231.0,538.0,,,,,,,
3,car:7,2564.0,,354.0,231.0,,,0.0,769.0,,,,,,,
4,car:8,1807.0,,1103.0,538.0,,,769.0,0.0,,,,,,,
0,person:1,0.0,,2928.0,2359.0,,,2588.0,1847.0,,,,,,,
1,car:3,2928.0,,0.0,570.0,,,350.0,1084.0,,,,,,,
2,car:4,2359.0,,570.0,0.0,,,232.0,522.0,,,,,,,
3,car:7,2588.0,,350.0,232.0,,,0.0,754.0,,,,,,,
4,car:8,1847.0,,1084.0,522.0,,,754.0,0.0,,,,,,,
0,person:1,0.0,1037.0,1665.0,1293.0,,810.0,,,,,,,,,
1,car:2,1037.0,0.0,644.0,256.0,,279.0,,,,,,,,,
2,car:3,1665.0,644.0,0.0,406.0,,917.0,,,,,,,,,
3,car:4,1293.0,256.0,406.0,0.0,,516.0,,,,,,,,,
4,car:6,810.0,279.0,917.0,516.0,,0.0,,,,,,,,,
0,person:1,0.0,,2948.0,2383.0,,,2603.0,1886.0,,,,,,,
1,car:3,2948.0,,0.0,565.0,,,354.0,1065.0,,,,,,,
2,car:4,2383.0,,565.0,0.0,,,224.0,506.0,,,,,,,
3,car:7,2603.0,,354.0,224.0,,,0.0,730.0,,,,,,,
4,car:8,1886.0,,1065.0,506.0,,,730.0,0.0,,,,,,,
0,person:1,0.0,,2962.0,2398.0,,,2618.0,1913.0,,,,,,,
1,car:3,2962.0,,0.0,564.0,,,353.0,1051.0,,,,,,,
2,car:4,2398.0,,564.0,0.0,,,223.0,494.0,,,,,,,
3,car:7,2618.0,,353.0,223.0,,,0.0,718.0,,,,,,,
4,car:8,1913.0,,1051.0,494.0,,,718.0,0.0,,,,,,,
0,person:1,0.0,,2974.0,2410.0,,,2629.0,1936.0,,,,,,,
1,car:3,2974.0,,0.0,564.0,,,353.0,1040.0,,,,,,,
2,car:4,2410.0,,564.0,0.0,,,223.0,483.0,,,,,,,
3,car:7,2629.0,,353.0,223.0,,,0.0,706.0,,,,,,,
4,car:8,1936.0,,1040.0,483.0,,,706.0,0.0,,,,,,,
0,person:1,0.0,,2985.0,2422.0,,,2640.0,1959.0,1448.0,,,,,,
1,car:3,2985.0,,0.0,563.0,,,353.0,1028.0,1537.0,,,,,,
2,car:4,2422.0,,563.0,0.0,,,221.0,472.0,974.0,,,,,,
3,car:7,2640.0,,353.0,221.0,,,0.0,694.0,1192.0,,,,,,
4,car:8,1959.0,,1028.0,472.0,,,694.0,0.0,516.0,,,,,,
5,car:9,1448.0,,1537.0,974.0,,,1192.0,516.0,0.0,,,,,,
0,person:1,0.0,,2993.0,2433.0,,,2649.0,1980.0,1465.0,,,,,,
1,car:3,2993.0,,0.0,561.0,,,352.0,1015.0,1528.0,,,,,,
2,car:4,2433.0,,561.0,0.0,,,219.0,461.0,967.0,,,,,,
3,car:7,2649.0,,352.0,219.0,,,0.0,681.0,1183.0,,,,,,
4,car:8,1980.0,,1015.0,461.0,,,681.0,0.0,523.0,,,,,,
5,car:9,1465.0,,1528.0,967.0,,,1183.0,523.0,0.0,,,,,,
0,person:1,0.0,,2998.0,2444.0,,,2655.0,1998.0,1478.0,,,,,,
1,car:3,2998.0,,0.0,554.0,,,349.0,1002.0,1521.0,,,,,,
2,car:4,2444.0,,554.0,0.0,,,214.0,454.0,967.0,,,,,,
3,car:7,2655.0,,349.0,214.0,,,0.0,668.0,1177.0,,,,,,
4,car:8,1998.0,,1002.0,454.0,,,668.0,0.0,531.0,,,,,,
5,car:9,1478.0,,1521.0,967.0,,,1177.0,531.0,0.0,,,,,,
0,person:1,0.0,,3003.0,2454.0,,,2664.0,2017.0,1479.0,,,,,,
1,car:3,3003.0,,0.0,548.0,,,346.0,988.0,1524.0,,,,,,
2,car:4,2454.0,,548.0,0.0,,,212.0,445.0,975.0,,,,,,
3,car:7,2664.0,,346.0,212.0,,,0.0,658.0,1184.0,,,,,,
4,car:8,2017.0,,988.0,445.0,,,658.0,0.0,545.0,,,,,,
5,car:9,1479.0,,1524.0,975.0,,,1184.0,545.0,0.0,,,,,,
0,person:1,0.0,,3006.0,2465.0,,,2669.0,2034.0,1490.0,,,,,,
1,car:3,3006.0,,0.0,542.0,,,343.0,974.0,1517.0,,,,,,
2,car:4,2465.0,,542.0,0.0,,,207.0,438.0,975.0,,,,,,
3,car:7,2669.0,,343.0,207.0,,,0.0,645.0,1179.0,,,,,,
4,car:8,2034.0,,974.0,438.0,,,645.0,0.0,551.0,,,,,,
5,car:9,1490.0,,1517.0,975.0,,,1179.0,551.0,0.0,,,,,,
0,person:1,0.0,,3010.0,2474.0,,,2668.0,2044.0,1495.0,,,,,,
1,car:3,3010.0,,0.0,537.0,,,349.0,968.0,1516.0,,,,,,
2,car:4,2474.0,,537.0,0.0,,,196.0,438.0,979.0,,,,,,
3,car:7,2668.0,,349.0,196.0,,,0.0,635.0,1173.0,,,,,,
4,car:8,2044.0,,968.0,438.0,,,635.0,0.0,555.0,,,,,,
5,car:9,1495.0,,1516.0,979.0,,,1173.0,555.0,0.0,,,,,,
0,person:1,0.0,,3015.0,2481.0,,,2671.0,2058.0,1500.0,,,,,,
1,car:3,3015.0,,0.0,536.0,,,350.0,959.0,1515.0,,,,,,
2,car:4,2481.0,,536.0,0.0,,,191.0,433.0,980.0,,,,,,
3,car:7,2671.0,,350.0,191.0,,,0.0,624.0,1171.0,,,,,,
4,car:8,2058.0,,959.0,433.0,,,624.0,0.0,563.0,,,,,,
5,car:9,1500.0,,1515.0,980.0,,,1171.0,563.0,0.0,,,,,,
0,person:1,0.0,922.0,1521.0,1191.0,2142.0,,,,,,,,,,
1,car:2,922.0,0.0,620.0,269.0,2994.0,,,,,,,,,,
2,car:3,1521.0,620.0,0.0,368.0,3615.0,,,,,,,,,,
3,car:4,1191.0,269.0,368.0,0.0,3256.0,,,,,,,,,,
4,person:5,2142.0,2994.0,3615.0,3256.0,0.0,,,,,,,,,,
0,person:1,0.0,1035.0,1669.0,1294.0,,811.0,,,,,,,,,
1,car:2,1035.0,0.0,649.0,258.0,,275.0,,,,,,,,,
2,car:3,1669.0,649.0,0.0,407.0,,918.0,,,,,,,,,
3,car:4,1294.0,258.0,407.0,0.0,,515.0,,,,,,,,,
4,car:6,811.0,275.0,918.0,515.0,,0.0,,,,,,,,,
0,person:1,0.0,,3017.0,2485.0,,,2673.0,2073.0,1507.0,,,,,,
1,car:3,3017.0,,0.0,534.0,,,351.0,947.0,1511.0,,,,,,
2,car:4,2485.0,,534.0,0.0,,,188.0,424.0,978.0,,,,,,
3,car:7,2673.0,,351.0,188.0,,,0.0,612.0,1166.0,,,,,,
4,car:8,2073.0,,947.0,424.0,,,612.0,0.0,571.0,,,,,,
5,car:9,1507.0,,1511.0,978.0,,,1166.0,571.0,0.0,,,,,,
0,person:1,0.0,,3022.0,2493.0,,,2678.0,2084.0,1512.0,,,,,,
1,car:3,3022.0,,0.0,531.0,,,351.0,939.0,1510.0,,,,,,
2,car:4,2493.0,,531.0,0.0,,,185.0,421.0,981.0,,,,,,
3,car:7,2678.0,,351.0,185.0,,,0.0,605.0,1166.0,,,,,,
4,car:8,2084.0,,939.0,421.0,,,605.0,0.0,577.0,,,,,,
5,car:9,1512.0,,1510.0,981.0,,,1166.0,577.0,0.0,,,,,,
0,person:1,0.0,,3024.0,2501.0,,,2681.0,2095.0,1511.0,,,,,,
1,car:3,3024.0,,0.0,527.0,,,351.0,930.0,1513.0,,,,,,
2,car:4,2501.0,,527.0,0.0,,,179.0,419.0,989.0,,,,,,
3,car:7,2681.0,,351.0,179.0,,,0.0,597.0,1169.0,,,,,,
4,car:8,2095.0,,930.0,419.0,,,597.0,0.0,588.0,,,,,,
5,car:9,1511.0,,1513.0,989.0,,,1169.0,588.0,0.0,,,,,,
0,person:1,0.0,,3026.0,2511.0,,,2688.0,2110.0,1510.0,,,,,,
1,car:3,3026.0,,0.0,521.0,,,347.0,917.0,1516.0,,,,,,
2,car:4,2511.0,,521.0,0.0,,,176.0,418.0,1001.0,,,,,,
3,car:7,2688.0,,347.0,176.0,,,0.0,589.0,1177.0,,,,,,
4,car:8,2110.0,,917.0,418.0,,,589.0,0.0,604.0,,,,,,
5,car:9,1510.0,,1516.0,1001.0,,,1177.0,604.0,0.0,,,,,,
0,person:1,0.0,,3026.0,2509.0,,,2694.0,2125.0,1509.0,,,,,,
1,car:3,3026.0,,0.0,528.0,,,341.0,902.0,1517.0,,,,,,
2,car:4,2509.0,,528.0,0.0,,,187.0,410.0,1001.0,,,,,,
3,car:7,2694.0,,341.0,187.0,,,0.0,580.0,1184.0,,,,,,
4,car:8,2125.0,,902.0,410.0,,,580.0,0.0,620.0,,,,,,
5,car:9,1509.0,,1517.0,1001.0,,,1184.0,620.0,0.0,,,,,,
0,person:1,0.0,,3033.0,2522.0,,,2701.0,2146.0,1515.0,,,,,,
1,car:3,3033.0,,0.0,523.0,,,339.0,888.0,1517.0,,,,,,
2,car:4,2522.0,,523.0,0.0,,,183.0,404.0,1008.0,,,,,,
3,car:7,2701.0,,339.0,183.0,,,0.0,567.0,1186.0,,,,,,
4,car:8,2146.0,,888.0,404.0,,,567.0,0.0,635.0,,,,,,
5,car:9,1515.0,,1517.0,1008.0,,,1186.0,635.0,0.0,,,,,,
0,person:1,0.0,,3036.0,,,,2702.0,2162.0,1523.0,,,,,,
1,car:3,3036.0,,0.0,,,,341.0,875.0,1513.0,,,,,,
2,car:7,2702.0,,341.0,,,,0.0,553.0,1179.0,,,,,,
3,car:8,2162.0,,875.0,,,,553.0,0.0,643.0,,,,,,
4,car:9,1523.0,,1513.0,,,,1179.0,643.0,0.0,,,,,,
0,person:1,0.0,,3040.0,,,,2686.0,2178.0,1525.0,,,,,,
1,car:3,3040.0,,0.0,,,,362.0,864.0,1515.0,,,,,,
2,car:7,2686.0,,362.0,,,,0.0,522.0,1161.0,,,,,,
3,car:8,2178.0,,864.0,,,,522.0,0.0,656.0,,,,,,
4,car:9,1525.0,,1515.0,,,,1161.0,656.0,0.0,,,,,,
0,person:1,0.0,,3047.0,,,,2702.0,2192.0,1518.0,,,,,,
1,car:3,3047.0,,0.0,,,,354.0,856.0,1528.0,,,,,,
2,car:7,2702.0,,354.0,,,,0.0,524.0,1184.0,,,,,,
3,car:8,2192.0,,856.0,,,,524.0,0.0,676.0,,,,,,
4,car:9,1518.0,,1528.0,,,,1184.0,676.0,0.0,,,,,,
0,person:1,0.0,,3050.0,,,,2700.0,2207.0,1523.0,,,,,,
1,car:3,3050.0,,0.0,,,,360.0,845.0,1527.0,,,,,,
2,car:7,2700.0,,360.0,,,,0.0,511.0,1177.0,,,,,,
3,car:8,2207.0,,845.0,,,,511.0,0.0,687.0,,,,,,
4,car:9,1523.0,,1527.0,,,,1177.0,687.0,0.0,,,,,,
0,person:1,0.0,1037.0,1674.0,1294.0,,813.0,,,,,,,,,
1,car:2,1037.0,0.0,651.0,256.0,,273.0,,,,,,,,,
2,car:3,1674.0,651.0,0.0,411.0,,918.0,,,,,,,,,
3,car:4,1294.0,256.0,411.0,0.0,,511.0,,,,,,,,,
4,car:6,813.0,273.0,918.0,511.0,,0.0,,,,,,,,,
0,person:1,0.0,,3058.0,,,,2700.0,2225.0,1531.0,,,,,,
1,car:3,3058.0,,0.0,,,,368.0,836.0,1527.0,,,,,,
2,car:7,2700.0,,368.0,,,,0.0,495.0,1169.0,,,,,,
3,car:8,2225.0,,836.0,,,,495.0,0.0,697.0,,,,,,
4,car:9,1531.0,,1527.0,,,,1169.0,697.0,0.0,,,,,,
0,person:1,0.0,,3065.0,,,,2704.0,2242.0,1528.0,,,,,,
1,car:3,3065.0,,0.0,,,,371.0,827.0,1537.0,,,,,,
2,car:7,2704.0,,371.0,,,,0.0,485.0,1177.0,,,,,,
3,car:8,2242.0,,827.0,,,,485.0,0.0,716.0,,,,,,
4,car:9,1528.0,,1537.0,,,,1177.0,716.0,0.0,,,,,,
0,person:1,0.0,,3071.0,,,,2715.0,2260.0,1532.0,,,,,,
1,car:3,3071.0,,0.0,,,,365.0,816.0,1539.0,,,,,,
2,car:7,2715.0,,365.0,,,,0.0,480.0,1184.0,,,,,,
3,car:8,2260.0,,816.0,,,,480.0,0.0,730.0,,,,,,
4,car:9,1532.0,,1539.0,,,,1184.0,730.0,0.0,,,,,,
0,person:1,0.0,,3079.0,,,,2724.0,2277.0,1532.0,,,,,,
1,car:3,3079.0,,0.0,,,,364.0,806.0,1547.0,,,,,,
2,car:7,2724.0,,364.0,,,,0.0,471.0,1194.0,,,,,,
3,car:8,2277.0,,806.0,,,,471.0,0.0,746.0,,,,,,
4,car:9,1532.0,,1547.0,,,,1194.0,746.0,0.0,,,,,,
0,person:1,0.0,,3088.0,,,,2733.0,2295.0,1534.0,,,,,,
1,car:3,3088.0,,0.0,,,,364.0,798.0,1555.0,,,,,,
2,car:7,2733.0,,364.0,,,,0.0,465.0,1202.0,,,,,,
3,car:8,2295.0,,798.0,,,,465.0,0.0,763.0,,,,,,
4,car:9,1534.0,,1555.0,,,,1202.0,763.0,0.0,,,,,,
0,person:1,0.0,,3094.0,,,,2744.0,2314.0,1530.0,,,,,,
1,car:3,3094.0,,0.0,,,,357.0,786.0,1564.0,,,,,,
2,car:7,2744.0,,357.0,,,,0.0,458.0,1216.0,,,,,,
3,car:8,2314.0,,786.0,,,,458.0,0.0,784.0,,,,,,
4,car:9,1530.0,,1564.0,,,,1216.0,784.0,0.0,,,,,,
0,person:1,0.0,,3104.0,,,,2758.0,2334.0,1529.0,,,,,,
1,car:3,3104.0,,0.0,,,,354.0,776.0,1575.0,,,,,,
2,car:7,2758.0,,354.0,,,,0.0,452.0,1231.0,,,,,,
3,car:8,2334.0,,776.0,,,,452.0,0.0,805.0,,,,,,
4,car:9,1529.0,,1575.0,,,,1231.0,805.0,0.0,,,,,,
0,person:1,0.0,,3115.0,,,,2765.0,2355.0,1544.0,,,,,,
1,car:3,3115.0,,0.0,,,,356.0,766.0,1572.0,,,,,,
2,car:7,2765.0,,356.0,,,,0.0,438.0,1225.0,,,,,,
3,car:8,2355.0,,766.0,,,,438.0,0.0,812.0,,,,,,
4,car:9,1544.0,,1572.0,,,,1225.0,812.0,0.0,,,,,,
0,person:1,0.0,,3124.0,,,,2779.0,2375.0,1555.0,,,,,,
1,car:3,3124.0,,0.0,,,,352.0,756.0,1570.0,,,,,,
2,car:7,2779.0,,352.0,,,,0.0,436.0,1228.0,,,,,,
3,car:8,2375.0,,756.0,,,,436.0,0.0,820.0,,,,,,
4,car:9,1555.0,,1570.0,,,,1228.0,820.0,0.0,,,,,,
0,person:1,0.0,,3133.0,,,,2786.0,2393.0,1562.0,,,,,,
1,car:3,3133.0,,0.0,,,,353.0,747.0,1572.0,,,,,,
2,car:7,2786.0,,353.0,,,,0.0,423.0,1228.0,,,,,,
