,person:1,car:2,car:3,car:4,person:5,car:6
person:1,0,990,1603,1248,2075,736
car:2,990,0,632,258,2992,317
car:3,1603,632,0,392,3625,945
car:4,1248,258,392,0,3240,556
person:5,2075,2992,3625,3240,0,2683
car:6,736,317,945,556,2683,0
