,car:1,motorcycle:2,person:3,car:4,person:5,motorcycle:6
car:1,0,696,669,253,322,335
motorcycle:2,696,0,189,945,399,362
person:3,669,189,0,921,346,368
car:4,253,945,921,0,575,582
person:5,322,399,346,575,0,115
motorcycle:6,335,362,368,582,115,0
