,person:1,car:2,car:3,car:4,car:7,car:8
person:1,0,1210,2051,1495,1802,947
car:2,1210,0,847,285,592,2157
car:3,2051,847,0,564,270,2998
car:4,1495,285,564,0,307,2442
car:7,1802,592,270,307,0,2750
car:8,947,2157,2998,2442,2750,0
