,person1,car2,car3,car4,car7,car8
person1,0,1211,2057,1499,1811,938
car2,1211,0,853,288,600,2149
car3,2057,853,0,566,267,2995
car4,1499,288,566,0,311,2437
car7,1811,600,267,311,0,2749
car8,938,2149,2995,2437,2749,0
