,car:1,motorcycle:2,person:3,car:4,person:5,motorcycle:6
car:1,0,932,901,712,364,384
motorcycle:2,932,0,253,1632,594,548
person:3,901,253,0,1614,537,534
car:4,712,1632,1614,0,1076,1091
person:5,364,594,537,1076,0,96
motorcycle:6,384,548,534,1091,96,0
