,car:1,motorcycle:2,person:3,car:4,person:5,motorcycle:6
car:1,0,938,904,717,362,388
motorcycle:2,938,0,259,1642,604,550
person:3,904,259,0,1621,542,537
car:4,717,1642,1621,0,1078,1098
person:5,362,604,542,1078,0,110
motorcycle:6,388,550,537,1098,110,0
