,person1,car2,car3,car4,car7,car8
person1,0,1209,2060,1504,1816,921
car2,1209,0,857,294,607,2130
car3,2060,857,0,565,263,2981
car4,1504,294,565,0,312,2425
car7,1816,607,263,312,0,2737
car8,921,2130,2981,2425,2737,0
