,car:1,motorcycle:2,person:3,car:4,person:5,motorcycle:6
car:1,0,945,908,740,366,395
motorcycle:2,945,0,277,1670,609,550
person:3,908,277,0,1649,542,539
car:4,740,1670,1649,0,1106,1127
person:5,366,609,542,1106,0,118
motorcycle:6,395,550,539,1127,118,0
