,person1,car2,car3,car4,car7,car8
person1,0,1210,2068,1513,1825,887
car2,1210,0,865,303,615,2096
car3,2068,865,0,565,262,2955
car4,1513,303,565,0,312,2399
car7,1825,615,262,312,0,2711
car8,887,2096,2955,2399,2711,0
