,person1,car2,car3,car4,car7,car8
person1,0,1216,2078,1523,1834,870
car2,1216,0,870,307,619,2085
car3,2078,870,0,565,262,2949
car4,1523,307,565,0,312,2392
car7,1834,619,262,312,0,2704
car8,870,2085,2949,2392,2704,0
