,car:1,motorcycle:2,person:3,car:4,person:5,motorcycle:6
car:1,0,944,908,750,370,398
motorcycle:2,944,0,277,1679,603,546
person:3,908,277,0,1658,538,537
car:4,750,1679,1658,0,1120,1140
person:5,370,603,538,1120,0,119
motorcycle:6,398,546,537,1140,119,0
