,person:1,car:2,car:3,car:4,car:7,car:8
person:1,0,1221,2086,1529,1841,853
car:2,1221,0,873,308,621,2072
car:3,2086,873,0,567,265,2940
car:4,1529,308,567,0,312,2381
car:7,1841,621,265,312,0,2693
car:8,853,2072,2940,2381,2693,0
