,car:1,motorcycle:2,person:3,car:4,person:5,motorcycle:6
car:1,0,952,914,768,374,400
motorcycle:2,952,0,264,1704,608,551
person:3,914,264,0,1683,540,538
car:4,768,1704,1683,0,1142,1159
person:5,374,608,540,1142,0,121
motorcycle:6,400,551,538,1159,121,0
