,person:1,car:2,car:3,car:4,car:7,car:8
person:1,0,1223,2093,1532,1849,848
car:2,1223,0,877,309,626,2070
car:3,2093,877,0,571,263,2942
car:4,1532,309,571,0,317,2380
car:7,1849,626,263,317,0,2697
car:8,848,2070,2942,2380,2697,0
