,person1,car2,car3,car4,car7,car8
person1,0,1221,2101,1536,1857,844
car2,1221,0,887,315,637,2063
car3,2101,887,0,575,264,2946
car4,1536,315,575,0,321,2379
car7,1857,637,264,321,0,2700
car8,844,2063,2946,2379,2700,0
