,car:1,motorcycle:2,person:3,car:4,person:5,motorcycle:6
car:1,0,963,922,786,375,405
motorcycle:2,963,0,287,1731,621,558
person:3,922,287,0,1709,547,544
car:4,786,1731,1709,0,1161,1182
person:5,375,621,547,1161,0,123
motorcycle:6,405,558,544,1182,123,0
