,car:1,motorcycle:2,person:3,car:4,person:5,motorcycle:6
car:1,0,698,671,256,324,337
motorcycle:2,698,0,189,950,398,361
person:3,671,189,0,927,347,366
car:4,256,950,927,0,580,589
person:5,324,398,347,580,0,111
motorcycle:6,337,361,366,589,111,0
