,person1,car2,car3,car4,person5,car6
person1,0,997,1611,1253,2068,747
car2,997,0,633,256,2994,316
car3,1611,633,0,395,3627,943
car4,1253,256,395,0,3239,551
person5,2068,2994,3627,3239,0,2688
car6,747,316,943,551,2688,0
