,person:1,car:2,car:3,car:4,car:7,car:8
person:1,0,1221,2107,1539,1866,841
car:2,1221,0,892,318,645,2061
car:3,2107,892,0,578,261,2948
car:4,1539,318,578,0,326,2379
car:7,1866,645,261,326,0,2706
car:8,841,2061,2948,2379,2706,0
