,car:1,motorcycle:2,person:3,car:4,person:5,motorcycle:6
car:1,0,971,927,810,378,402
motorcycle:2,971,0,288,1763,628,569
person:3,927,288,0,1738,549,547
car:4,810,1763,1738,0,1189,1205
person:5,378,628,549,1189,0,120
motorcycle:6,402,569,547,1205,120,0
