,person:1,car:2,car:3,car:4,car:7,car:8
person:1,0,1218,2112,1543,1873,838
car:2,1218,0,901,324,655,2054
car:3,2112,901,0,579,259,2950
car:4,1543,324,579,0,331,2379
car:7,1873,655,259,331,0,2710
car:8,838,2054,2950,2379,2710,0
