,person:1,car:2,car:3,car:4,car:7,car:8
person:1,0,1227,2122,1552,1886,830
car:2,1227,0,901,324,658,2056
car:3,2122,901,0,579,255,2953
car:4,1552,324,579,0,334,2381
car:7,1886,658,255,334,0,2715
car:8,830,2056,2953,2381,2715,0
