,car:1,motorcycle:2,person:3,car:4,person:5,motorcycle:6
car:1,0,974,932,820,375,401
motorcycle:2,974,0,282,1775,635,574
person:3,932,282,0,1752,557,550
car:4,820,1775,1752,0,1195,1213
person:5,375,635,557,1195,0,118
motorcycle:6,401,574,550,1213,118,0
