,car:1,motorcycle:2,person:3,car:4,person:5,motorcycle:6
car:1,0,976,932,833,376,401
motorcycle:2,976,0,294,1789,638,575
person:3,932,294,0,1766,557,551
car:4,833,1789,1766,0,1209,1227
person:5,376,638,557,1209,0,118
motorcycle:6,401,575,551,1227,118,0
