,person1,car2,car3,car4,car7,car8
person1,0,1239,2136,1564,1900,581
car2,1239,0,903,325,661,1820
car3,2136,903,0,580,255,2717
car4,1564,325,580,0,336,2146
car7,1900,661,255,336,0,2482
car8,581,1820,2717,2146,2482,0
