,car:1,motorcycle:2,person:3,car:4,person:5,motorcycle:6
car:1,0,978,935,846,383,403
motorcycle:2,978,0,288,1804,634,576
person:3,935,288,0,1781,553,550
car:4,846,1804,1781,0,1228,1242
person:5,383,634,553,1228,0,116
motorcycle:6,403,576,550,1242,116,0
