,person:1,car:2,car:3,car:4,car:7,car:8
person:1,0,1251,2150,1578,1916,468
car:2,1251,0,905,326,665,1719
car:3,2150,905,0,581,254,2618
car:4,1578,326,581,0,338,2046
car:7,1916,665,254,338,0,2384
car:8,468,1719,2618,2046,2384,0
