,person1,car2,car3,car4,car7,car8
person1,0,1258,2161,1590,1927,396
car2,1258,0,909,332,669,1655
car3,2161,909,0,580,253,2557
car4,1590,332,580,0,337,1987
car7,1927,669,253,337,0,2323
car8,396,1655,2557,1987,2323,0
