,car:1,motorcycle:2,person:3,car:4,person:5,motorcycle:6
car:1,0,978,936,855,386,403
motorcycle:2,978,0,290,1814,631,578
person:3,936,290,0,1792,551,549
car:4,855,1814,1792,0,1241,1252
person:5,386,631,551,1241,0,109
motorcycle:6,403,578,549,1252,109,0
