,car:1,motorcycle:2,person:3,car:4,person:5,motorcycle:6
car:1,0,980,937,867,387,403
motorcycle:2,980,0,289,1828,630,579
person:3,937,289,0,1805,551,551
car:4,867,1828,1805,0,1254,1264
person:5,387,630,551,1254,0,109
motorcycle:6,403,579,551,1264,109,0
