,person:1,car:2,car:3,car:4,car:7,car:8
person:1,0,1269,2174,1605,1942,342
car:2,1269,0,911,336,672,1611
car:3,2174,911,0,578,251,2515
car:4,1605,336,578,0,336,1947
car:7,1942,672,251,336,0,2283
car:8,342,1611,2515,1947,2283,0
