,car:1,motorcycle:2,person:3,car:4,person:5,motorcycle:6
car:1,0,980,940,880,388,401
motorcycle:2,980,0,281,1841,628,580
person:3,940,281,0,1821,553,555
car:4,880,1841,1821,0,1269,1275
person:5,388,628,553,1269,0,106
motorcycle:6,401,580,555,1275,106,0
