,person:1,car:2,car:3,car:4,car:7,car:8
person:1,0,1285,2198,1628,1961,249
car:2,1285,0,918,343,676,1532
car:3,2198,918,0,578,255,2443
car:4,1628,343,578,0,332,1875
car:7,1961,676,255,332,0,2207
car:8,249,1532,2443,1875,2207,0
