,car:1,motorcycle:2,person:3,car:4,person:5,motorcycle:6
car:1,0,983,942,895,386,403
motorcycle:2,983,0,285,1858,633,581
person:3,942,285,0,1837,557,556
car:4,895,1858,1837,0,1281,1291
person:5,386,633,557,1281,0,110
motorcycle:6,403,581,556,1291,110,0
