,person:1,car:2,car:3,car:4,car:7,car:8
person:1,0,1296,2215,1643,1977,201
car:2,1296,0,923,347,680,1491
car:3,2215,923,0,579,255,2407
car:4,1643,347,579,0,333,1838
car:7,1977,680,255,333,0,2171
car:8,201,1491,2407,1838,2171,0
