,person1,car2,car3,car4,person5,car6
person1,0,1006,1620,1261,2066,759
car2,1006,0,633,255,3001,314
car3,1620,633,0,396,3634,940
car4,1261,255,396,0,3245,548
person5,2066,3001,3634,3245,0,2698
car6,759,314,940,548,2698,0
