,car:1,motorcycle:2,person:3,car:4,person:5,motorcycle:6
car:1,0,990,948,913,388,410
motorcycle:2,990,0,298,1884,639,581
person:3,948,298,0,1862,560,558
car:4,913,1884,1862,0,1301,1316
person:5,388,639,560,1301,0,114
motorcycle:6,410,581,558,1316,114,0
