,person:1,car:2,car:3,car:4,car:7,car:8
person:1,0,1307,2230,1657,1988,161
car:2,1307,0,927,349,680,1469
car:3,2230,927,0,581,260,2391
car:4,1657,349,581,0,331,1818
car:7,1988,680,260,331,0,2149
car:8,161,1469,2391,1818,2149,0
