,car:1,motorcycle:2,person:3,car:4,person:5,motorcycle:6,car:7
car:1,0,989,948,922,389,414,1170
motorcycle:2,989,0,300,1891,637,577,2137
person:3,948,300,0,1870,559,555,2118
car:4,922,1891,1870,0,1311,1328,248
person:5,389,637,559,1311,0,115,1559
motorcycle:6,414,577,555,1328,115,0,1576
car:7,1170,2137,2118,248,1559,1576,0
