,car:1,motorcycle:2,person:3,car:4,person:5,motorcycle:6,car:7
car:1,0,986,951,937,391,413,1203
motorcycle:2,986,0,291,1905,629,574,2169
person:3,951,291,0,1888,560,558,2154
car:4,937,1905,1888,0,1328,1344,265
person:5,391,629,560,1328,0,110,1594
motorcycle:6,413,574,558,1344,110,0,1609
car:7,1203,2169,2154,265,1594,1609,0
