,person:1,car:2,car:3,car:4,car:7,car:8
person:1,0,1318,2247,1662,1996,82
car:2,1318,0,933,344,678,1387
car:3,2247,933,0,592,269,2313
car:4,1662,344,592,0,333,1731
car:7,1996,678,269,333,0,2064
car:8,82,1387,2313,1731,2064,0
