,car:1,motorcycle:2,person:3,car:4,person:5,motorcycle:6,car:7
car:1,0,982,952,952,395,413,1207
motorcycle:2,982,0,266,1918,618,570,2172
person:3,952,266,0,1905,557,556,2160
car:4,952,1918,1905,0,1347,1359,255
person:5,395,618,557,1347,0,105,1602
motorcycle:6,413,570,556,1359,105,0,1614
car:7,1207,2172,2160,255,1602,1614,0
