,person1,car2,car3,car4,car7,car8
person1,0,1324,2255,1667,1973,36
car2,1324,0,935,342,648,1359
car3,2255,935,0,596,302,2289
car4,1667,342,596,0,305,1701
car7,1973,648,302,305,0,2007
car8,36,1359,2289,1701,2007,0
