,person1,car2,car3,car4,car7,car8
person1,0,1330,2267,1679,1973,7
car2,1330,0,941,348,642,1323
car3,2267,941,0,595,313,2260
car4,1679,348,595,0,294,1671
car7,1973,642,313,294,0,1965
car8,7,1323,2260,1671,1965,0
