,car:1,motorcycle:2,person:3,car:4,person:5,motorcycle:6
car:1,0,994,961,980,394,416
motorcycle:2,994,0,291,1957,634,579
person:3,961,291,0,1941,566,564
car:4,980,1957,1941,0,1374,1390
person:5,394,634,566,1374,0,111
motorcycle:6,416,579,564,1390,111,0
