,person:1,car:2,car:3,car:4,car:7,car:8
person:1,0,1335,2276,1686,1979,44
car:2,1335,0,944,351,643,1291
car:3,2276,944,0,596,316,2232
car:4,1686,351,596,0,292,1642
car:7,1979,643,316,292,0,1934
car:8,44,1291,2232,1642,1934,0
