,person:1,car:2,car:3,car:4,car:7,car:8
person:1,0,1349,2295,1702,1992,92
car:2,1349,0,950,353,643,1257
car:3,2295,950,0,599,319,2202
car:4,1702,353,599,0,290,1610
car:7,1992,643,319,290,0,1900
car:8,92,1257,2202,1610,1900,0
