,car:1,motorcycle:2,person:3,car:4,person:5,motorcycle:6
car:1,0,995,961,989,396,416
motorcycle:2,995,0,296,1966,634,580
person:3,961,296,0,1951,565,565
car:4,989,1966,1951,0,1385,1399
person:5,396,634,565,1385,0,109
motorcycle:6,416,580,565,1399,109,0
