,car:1,motorcycle:2,person:3,car:4,person:5,motorcycle:6
car:1,0,994,960,993,397,419
motorcycle:2,994,0,292,1969,630,575
person:3,960,292,0,1954,563,562
car:4,993,1969,1954,0,1390,1406
person:5,397,630,563,1390,0,110
motorcycle:6,419,575,562,1406,110,0
