,car:1,motorcycle:2,person:3,car:4,person:5,motorcycle:6
car:1,0,995,960,997,392,413
motorcycle:2,995,0,302,1973,638,584
person:3,960,302,0,1957,567,566
car:4,997,1973,1957,0,1389,1404
person:5,392,638,567,1389,0,108
motorcycle:6,413,584,566,1404,108,0
