,person:1,car:2,car:3,car:4,car:7,car:8
person:1,0,1353,2311,1715,2004,181
car:2,1353,0,961,362,650,1174
car:3,2311,961,0,600,323,2130
car:4,1715,362,600,0,289,1535
car:7,2004,650,323,289,0,1824
car:8,181,1174,2130,1535,1824,0
