,car:1,motorcycle:2,person:3,car:4,person:5,motorcycle:6
car:1,0,993,960,1001,404,416
motorcycle:2,993,0,306,1975,627,580
person:3,960,306,0,1961,556,561
car:4,1001,1975,1961,0,1405,1412
person:5,404,627,556,1405,0,101
motorcycle:6,416,580,561,1412,101,0
