,person:1,person:2,person:3,person:4,person:5,person:6,person:9,bird:12
person:1,0,844,2913,2119,1276,3338,2392,992
person:2,844,0,2072,1285,433,2496,1554,1256
person:3,2913,2072,0,801,1639,425,524,2930
person:4,2119,1285,801,0,855,1227,278,2155
person:5,1276,433,1639,855,0,2063,1121,1530
person:6,3338,2496,425,1227,2063,0,949,3342
person:9,2392,1554,524,278,1121,949,0,2425
bird:12,992,1256,2930,2155,1530,3342,2425,0
