,person1,car2,car3,car4,car7,car8
person1,0,1357,2319,1725,2012,216
car2,1357,0,967,369,655,1143
car3,2319,967,0,598,323,2104
car4,1725,369,598,0,288,1510
car7,2012,655,323,288,0,1798
car8,216,1143,2104,1510,1798,0
