,car:1,motorcycle:2,person:3,car:4,person:5,motorcycle:6
car:1,0,999,964,1006,401,418
motorcycle:2,999,0,326,1985,636,584
person:3,964,326,0,1970,562,564
car:4,1006,1985,1970,0,1408,1420
person:5,401,636,562,1408,0,102
motorcycle:6,418,584,564,1420,102,0
