,person:1,car:2,car:3,car:4,car:7,car:8
person:1,0,1364,2328,1736,2021,248
car:2,1364,0,967,372,656,1119
car:3,2328,967,0,596,322,2080
car:4,1736,372,596,0,286,1489
car:7,2021,656,322,286,0,1775
car:8,248,1119,2080,1489,1775,0
