,car:1,motorcycle:2,person:3,car:4,person:5,motorcycle:6
car:1,0,1008,967,1009,405,425
motorcycle:2,1008,0,333,1996,641,584
person:3,967,333,0,1976,561,567
car:4,1009,1996,1976,0,1414,1427
person:5,405,641,561,1414,0,113
motorcycle:6,425,584,567,1427,113,0
