,person:1,car:2,car:3,car:4,car:7,car:8
person:1,0,1367,2334,1742,2031,279
car:2,1367,0,971,375,663,1090
car:3,2334,971,0,596,319,2055
car:4,1742,375,596,0,289,1463
car:7,2031,663,319,289,0,1753
car:8,279,1090,2055,1463,1753,0
