,car:1,motorcycle:2,person:3,car:4,person:5,motorcycle:6
car:1,0,1009,974,1013,409,427
motorcycle:2,1009,0,335,2001,640,583
person:3,974,335,0,1987,564,571
car:4,1013,2001,1987,0,1422,1434
person:5,409,640,564,1422,0,115
motorcycle:6,427,583,571,1434,115,0
