,person:1,car:2,car:3,car:4,car:7,car:8
person:1,0,1370,2341,1746,2036,312
car:2,1370,0,976,377,665,1059
car:3,2341,976,0,599,321,2029
car:4,1746,377,599,0,290,1434
car:7,2036,665,321,290,0,1724
car:8,312,1059,2029,1434,1724,0
