,car:1,motorcycle:2,person:3,car:4,person:5,motorcycle:6
car:1,0,1016,979,1016,411,430
motorcycle:2,1016,0,347,2009,649,587
person:3,979,347,0,1995,567,577
car:4,1016,2009,1995,0,1427,1438
person:5,411,649,567,1427,0,127
motorcycle:6,430,587,577,1438,127,0
