,car:1,motorcycle:2,person:3,car:4,person:5,motorcycle:6
car:1,0,1019,984,1018,419,429
motorcycle:2,1019,0,358,2013,644,591
person:3,984,358,0,2002,565,586
car:4,1018,2013,2002,0,1437,1439
person:5,419,644,565,1437,0,124
motorcycle:6,429,591,586,1439,124,0
