,person:1,car:2,car:3,car:4,car:7,car:8
person:1,0,1375,2350,1754,2045,345
car:2,1375,0,980,380,670,1032
car:3,2350,980,0,599,320,2005
car:4,1754,380,599,0,291,1411
car:7,2045,670,320,291,0,1702
car:8,345,1032,2005,1411,1702,0
