,car:1,motorcycle:2,person:3,car:4,person:5,motorcycle:6
car:1,0,1023,985,1025,422,428
motorcycle:2,1023,0,343,2024,644,597
person:3,985,343,0,2010,563,583
car:4,1025,2024,2010,0,1447,1445
person:5,422,644,563,1447,0,119
motorcycle:6,428,597,583,1445,119,0
