,person:1,car:2,car:3,car:4,car:7,car:8
person:1,0,1382,2359,1765,2053,375
car:2,1382,0,982,384,671,1009
car:3,2359,982,0,598,321,1984
car:4,1765,384,598,0,288,1391
car:7,2053,671,321,288,0,1679
car:8,375,1009,1984,1391,1679,0
