,person:1,car:2,car:3,car:4,car:7,car:8
person:1,0,1394,2370,1775,2066,432
car:2,1394,0,981,382,672,965
car:3,2370,981,0,599,320,1938
car:4,1775,382,599,0,291,1344
car:7,2066,672,320,291,0,1636
car:8,432,965,1938,1344,1636,0
