,car:1,motorcycle:2,person:3,car:4,person:5,motorcycle:6
car:1,0,1020,987,1032,422,428
motorcycle:2,1020,0,342,2030,638,593
person:3,987,342,0,2019,565,586
car:4,1032,2030,2019,0,1454,1452
person:5,422,638,565,1454,0,117
motorcycle:6,428,593,586,1452,117,0
