,car:1,motorcycle:2,person:3,car:4,person:5,motorcycle:6
car:1,0,1029,991,1036,424,430
motorcycle:2,1029,0,348,2042,647,601
person:3,991,348,0,2028,567,588
car:4,1036,2042,2028,0,1460,1458
person:5,424,647,567,1460,0,116
motorcycle:6,430,601,588,1458,116,0
