,person:1,car:2,car:3,car:4,car:7,car:8
person:1,0,1407,2381,1783,2080,536
car:2,1407,0,978,377,672,876
car:3,2381,978,0,602,316,1845
car:4,1783,377,602,0,297,1249
car:7,2080,672,316,297,0,1547
car:8,536,876,1845,1249,1547,0
