,person:1,car:2,car:3,car:4,car:7,car:8
person:1,0,1409,2390,1793,2088,496
car:2,1409,0,986,385,679,915
car:3,2390,986,0,600,317,1893
car:4,1793,385,600,0,295,1298
car:7,2088,679,317,295,0,1593
car:8,496,915,1893,1298,1593,0
