,car:1,motorcycle:2,person:3,car:4,person:5,motorcycle:6
car:1,0,1037,995,1043,426,430
motorcycle:2,1037,0,344,2057,655,611
person:3,995,344,0,2038,568,587
car:4,1043,2057,2038,0,1469,1467
person:5,426,655,568,1469,0,111
motorcycle:6,430,611,587,1467,111,0
