,person1,car2,car3,car4,car7,car8
person1,0,1413,2395,1796,2094,637
car2,1413,0,986,384,681,782
car3,2395,986,0,602,315,1758
car4,1796,384,602,0,298,1162
car7,2094,681,315,298,0,1461
car8,637,782,1758,1162,1461,0
