,car:1,motorcycle:2,person:3,car:4,person:5,motorcycle:6
car:1,0,1042,996,1050,429,432
motorcycle:2,1042,0,343,2068,655,612
person:3,996,343,0,2046,566,587
car:4,1050,2068,2046,0,1479,1475
person:5,429,655,566,1479,0,115
motorcycle:6,432,612,587,1475,115,0
