,person1,car2,car3,car4,person5,car6
person1,0,1022,1639,1276,2060,775
car2,1022,0,635,254,3015,310
car3,1639,635,0,398,3650,939
car4,1276,254,398,0,3260,544
person5,2060,3015,3650,3260,0,2716
car6,775,310,939,544,2716,0
