,car:1,motorcycle:2,person:3,car:4,person:5,motorcycle:6
car:1,0,701,676,259,319,330
motorcycle:2,701,0,191,956,404,372
person:3,676,191,0,935,357,377
car:4,259,956,935,0,578,584
person:5,319,404,357,578,0,104
motorcycle:6,330,372,377,584,104,0
