,car:1,motorcycle:2,person:3,car:4,person:5,motorcycle:6
car:1,0,1048,999,1055,430,433
motorcycle:2,1048,0,352,2078,662,617
person:3,999,352,0,2054,569,589
car:4,1055,2078,2054,0,1485,1481
person:5,430,662,569,1485,0,113
motorcycle:6,433,617,589,1481,113,0
