,car:1,motorcycle:2,person:3,car:4,person:5,motorcycle:6
car:1,0,1047,1001,1062,426,432
motorcycle:2,1047,0,352,2084,662,616
person:3,1001,352,0,2063,575,594
car:4,1062,2084,2063,0,1488,1487
person:5,426,662,575,1488,0,113
motorcycle:6,432,616,594,1487,113,0
