,person1,car2,car3,car4,car7,car8
person1,0,1427,2403,1805,2105,737
car2,1427,0,982,380,678,697
car3,2403,982,0,602,314,1667
car4,1805,380,602,0,300,1071
car7,2105,678,314,300,0,1372
car8,737,697,1667,1071,1372,0
