,person:1,car:2,car:3,car:4,car:7,car:8
person:1,0,1429,2403,1807,2103,750
car:2,1429,0,979,379,674,686
car:3,2403,979,0,599,314,1653
car:4,1807,379,599,0,297,1059
car:7,2103,674,314,297,0,1357
car:8,750,686,1653,1059,1357,0
