,car:1,motorcycle:2,person:3,car:4,person:5,motorcycle:6
car:1,0,1056,1005,1077,426,434
motorcycle:2,1056,0,365,2107,672,624
person:3,1005,365,0,2082,579,599
car:4,1077,2107,2082,0,1503,1503
person:5,426,672,579,1503,0,118
motorcycle:6,434,624,599,1503,118,0
