,person1,car2,car3,car4,car7,car8
person1,0,1432,2405,1812,2105,759
car2,1432,0,978,381,673,679
car3,2405,978,0,596,315,1646
car4,1812,381,596,0,294,1055
car7,2105,673,315,294,0,1349
car8,759,679,1646,1055,1349,0
