,person:1,car:2,car:3,car:4,car:7,car:8
person:1,0,1436,2409,1817,2108,771
car:2,1436,0,978,383,672,671
car:3,2409,978,0,595,316,1638
car:4,1817,383,595,0,292,1048
car:7,2108,672,316,292,0,1341
car:8,771,671,1638,1048,1341,0
