,car:1,motorcycle:2,person:3,car:4,person:5,motorcycle:6
car:1,0,1060,1008,1082,421,436
motorcycle:2,1060,0,363,2117,681,627
person:3,1008,363,0,2090,586,596
car:4,1082,2117,2090,0,1504,1511
person:5,421,681,586,1504,0,114
motorcycle:6,436,627,596,1511,114,0
