,car:1,motorcycle:2,person:3,car:4,person:5,motorcycle:6
car:1,0,1062,1009,1088,418,436
motorcycle:2,1062,0,366,2125,688,629
person:3,1009,366,0,2097,591,596
car:4,1088,2125,2097,0,1506,1518
person:5,418,688,591,1506,0,115
motorcycle:6,436,629,596,1518,115,0
