,person:1,car:2,car:3,car:4,car:7,car:8
person:1,0,1441,2412,1820,2109,780
car:2,1441,0,975,381,668,667
car:3,2412,975,0,594,318,1632
car:4,1820,381,594,0,290,1042
car:7,2109,668,318,290,0,1332
car:8,780,667,1632,1042,1332,0
