,person:1,car:2,car:3,car:4,car:7,car:8
person:1,0,1441,2411,1820,2106,791
car:2,1441,0,974,380,664,656
car:3,2411,974,0,593,320,1620
car:4,1820,380,593,0,287,1031
car:7,2106,664,320,287,0,1318
car:8,791,656,1620,1031,1318,0
