,car:1,motorcycle:2,person:3,car:4,person:5,motorcycle:6
car:1,0,1062,1014,1096,415,437
motorcycle:2,1062,0,351,2133,689,628
person:3,1014,351,0,2110,598,599
car:4,1096,2133,2110,0,1511,1526
person:5,415,689,598,1511,0,116
motorcycle:6,437,628,599,1526,116,0
