,car:1,motorcycle:2,person:3,car:4,person:5,motorcycle:6
car:1,0,1066,1020,1102,424,439
motorcycle:2,1066,0,345,2143,686,630
person:3,1020,345,0,2123,597,602
car:4,1102,2143,2123,0,1526,1535
person:5,424,686,597,1526,0,116
motorcycle:6,439,630,602,1535,116,0
