,person:1,car:2,car:3,car:4,car:7,car:8
person:1,0,1436,2408,1817,2100,803
car:2,1436,0,975,382,664,640
car:3,2408,975,0,592,322,1605
car:4,1817,382,592,0,286,1017
car:7,2100,664,322,286,0,1302
car:8,803,640,1605,1017,1302,0
