,person1,car2,car3,car4,car7,car8
person1,0,1435,2408,1819,2098,818
car2,1435,0,976,384,662,626
car3,2408,976,0,591,324,1591
car4,1819,384,591,0,282,1004
car7,2098,662,324,282,0,1286
car8,818,626,1591,1004,1286,0
