,car:1,motorcycle:2,person:3,car:4,person:5,motorcycle:6
car:1,0,1068,1023,1111,421,439
motorcycle:2,1068,0,350,2154,693,632
person:3,1023,350,0,2134,602,604
car:4,1111,2154,2134,0,1531,1543
person:5,421,693,602,1531,0,117
motorcycle:6,439,632,604,1543,117,0
