,person:1,car:2,car:3,car:4,car:7,car:8
person:1,0,1430,2406,1818,2096,832
car:2,1430,0,979,390,666,607
car:3,2406,979,0,589,324,1576
car:4,1818,390,589,0,280,990
car:7,2096,666,324,280,0,1270
car:8,832,607,1576,990,1270,0
