,person1,car2,car3,car4,person5,car6
person1,0,1024,1645,1281,2055,782
car2,1024,0,639,257,3010,305
car3,1645,639,0,399,3649,938
car4,1281,257,399,0,3257,541
person5,2055,3010,3649,3257,0,2715
car6,782,305,938,541,2715,0
