,car:1,motorcycle:2,person:3,car:4,person:5,motorcycle:6
car:1,0,705,679,261,320,333
motorcycle:2,705,0,192,963,406,373
person:3,679,192,0,940,358,379
car:4,261,963,940,0,582,590
person:5,320,406,358,582,0,107
motorcycle:6,333,373,379,590,107,0
