,car:1,motorcycle:2,person:3,car:4,person:5,motorcycle:6
car:1,0,1076,1030,1124,426,445
motorcycle:2,1076,0,366,2173,700,634
person:3,1030,366,0,2154,604,607
car:4,1124,2173,2154,0,1550,1563
person:5,426,700,604,1550,0,125
motorcycle:6,445,634,607,1563,125,0
