,person1,car2,car3,car4,car7,car8
person1,0,1428,2406,1819,2097,848
car2,1428,0,980,392,669,589
car3,2406,980,0,587,322,1559
car4,1819,392,587,0,280,975
car7,2097,669,322,280,0,1255
car8,848,589,1559,975,1255,0
