,car:1,motorcycle:2,person:3,car:4,person:5,motorcycle:6
car:1,0,1079,1032,1131,426,450
motorcycle:2,1079,0,371,2183,699,633
person:3,1032,371,0,2164,606,605
car:4,1131,2183,2164,0,1557,1574
person:5,426,699,606,1557,0,117
motorcycle:6,450,633,605,1574,117,0
