,person:1,car:2,car:3,car:4,car:7,car:8
person:1,0,1426,2403,1818,2092,862
car:2,1426,0,980,394,666,574
car:3,2403,980,0,586,324,1543
car:4,1818,394,586,0,276,960
car:7,2092,666,324,276,0,1236
car:8,862,574,1543,960,1236,0
