,person1,car2,car3,car4,car7,car8
person1,0,1429,2406,1821,2094,876
car2,1429,0,979,394,665,566
car3,2406,979,0,585,323,1533
car4,1821,394,585,0,277,951
car7,2094,665,323,277,0,1227
car8,876,566,1533,951,1227,0
