,person:1,car:2,car:3,car:4,car:7,car:8
person:1,0,1434,2411,1825,2097,899
car:2,1434,0,978,392,662,550
car:3,2411,978,0,586,324,1515
car:4,1825,392,586,0,275,933
car:7,2097,662,324,275,0,1208
car:8,899,550,1515,933,1208,0
