,car:1,motorcycle:2,person:3,car:4,person:5,motorcycle:6
car:1,0,1090,1041,1143,441,462
motorcycle:2,1090,0,378,2205,698,631
person:3,1041,378,0,2185,600,606
car:4,1143,2205,2185,0,1584,1597
person:5,441,698,600,1584,0,128
motorcycle:6,462,631,606,1597,128,0
