,person1,car2,car3,car4,car7,car8
person1,0,1449,2422,1833,2099,935
car2,1449,0,975,385,649,527
car3,2422,975,0,589,333,1490
car4,1833,385,589,0,269,903
car7,2099,649,333,269,0,1172
car8,935,527,1490,903,1172,0
