,person1,car2,car3,car4,car7,car8
person1,0,1460,2428,1838,2104,950
car2,1460,0,969,379,643,525
car3,2428,969,0,590,334,1481
car4,1838,379,590,0,270,894
car7,2104,643,334,270,0,1163
car8,950,525,1481,894,1163,0
