,person:1,car:2,car:3,car:4,car:7,car:8
person:1,0,1487,2443,1852,2117,980
car:2,1487,0,959,367,630,519
car:3,2443,959,0,592,336,1466
car:4,1852,367,592,0,270,876
car:7,2117,630,336,270,0,1145
car:8,980,519,1466,876,1145,0
