,person:1,car:2,car:3,car:4,car:7,car:8
person:1,0,1502,2451,1859,2125,993
car:2,1502,0,951,359,623,522
car:3,2451,951,0,592,335,1461
car:4,1859,359,592,0,269,872
car:7,2125,623,335,269,0,1140
car:8,993,522,1461,872,1140,0
