,person1,car2,car3,car4,car7,car8
person1,0,1516,2459,1868,2134,1006
car2,1516,0,946,354,618,523
car3,2459,946,0,592,335,1455
car4,1868,354,592,0,268,867
car7,2134,618,335,268,0,1135
car8,1006,523,1455,867,1135,0
