,person:1,car:2,car:3,car:4,car:7,car:8
person:1,0,1529,2469,1879,2143,1020
car:2,1529,0,943,352,614,522
car:3,2469,943,0,591,335,1451
car:4,1879,352,591,0,266,863
car:7,2143,614,335,266,0,1130
car:8,1020,522,1451,863,1130,0
