,person1,car2,car3,car4,car7,car8
person1,0,1542,2477,1888,2153,1032
car2,1542,0,938,348,611,521
car3,2477,938,0,589,334,1446
car4,1888,348,589,0,267,860
car7,2153,611,334,267,0,1127
car8,1032,521,1446,860,1127,0
