,person:1,car:2,car:3,car:4,car:7,car:8
person:1,0,1558,2487,1898,2162,1044
car:2,1558,0,933,344,604,525
car:3,2487,933,0,589,336,1444
car:4,1898,344,589,0,267,858
car:7,2162,604,336,267,0,1124
car:8,1044,525,1444,858,1124,0
