,person:1,car:2,car:3,car:4,car:7,car:8
person:1,0,1574,2495,1908,2168,1063
car:2,1574,0,926,339,594,525
car:3,2495,926,0,588,337,1433
car:4,1908,339,588,0,264,848
car:7,2168,594,337,264,0,1111
car:8,1063,525,1433,848,1111,0
