,person:1,car:2,car:3,car:4,car:7,car:8
person:1,0,1611,2512,1925,2182,1112
car:2,1611,0,916,335,576,523
car:3,2512,916,0,588,342,1402
car:4,1925,335,588,0,261,817
car:7,2182,576,342,261,0,1076
car:8,1112,523,1402,817,1076,0
