,person:1,car:2,car:3,car:4,person:5,car:6
person:1,0,1035,1659,1291,2042,801
car:2,1035,0,641,255,3007,294
car:3,1659,641,0,404,3649,928
car:4,1291,255,404,0,3252,528
person:5,2042,3007,3649,3252,0,2724
car:6,801,294,928,528,2724,0
