,car:1,motorcycle:2,person:3,car:4,person:5,motorcycle:6
car:1,0,709,689,269,326,336
motorcycle:2,709,0,193,975,404,373
person:3,689,193,0,958,362,386
car:4,269,975,958,0,595,601
person:5,326,404,362,595,0,106
motorcycle:6,336,373,386,601,106,0
