,car:1,motorcycle:2,person:3,car:4,person:5,motorcycle:6
car:1,0,713,692,271,329,340
motorcycle:2,713,0,193,980,406,373
person:3,692,193,0,963,362,384
car:4,271,980,963,0,600,607
person:5,329,406,362,600,0,107
motorcycle:6,340,373,384,607,107,0
