,person1,car3,car4,car7,car8,car9
person1,0,2985,2422,2640,1959,1448
car3,2985,0,563,353,1028,1537
car4,2422,563,0,221,472,974
car7,2640,353,221,0,694,1192
car8,1959,1028,472,694,0,516
car9,1448,1537,974,1192,516,0
