,person1,car3,car4,car7,car8,car9
person1,0,2993,2433,2649,1980,1465
car3,2993,0,561,352,1015,1528
car4,2433,561,0,219,461,967
car7,2649,352,219,0,681,1183
car8,1980,1015,461,681,0,523
car9,1465,1528,967,1183,523,0
