,person1,car3,car4,car7,car8,car9
person1,0,3003,2454,2664,2017,1479
car3,3003,0,548,346,988,1524
car4,2454,548,0,212,445,975
car7,2664,346,212,0,658,1184
car8,2017,988,445,658,0,545
car9,1479,1524,975,1184,545,0
