,person1,car3,car4,car7,car8,car9
person1,0,3006,2465,2669,2034,1490
car3,3006,0,542,343,974,1517
car4,2465,542,0,207,438,975
car7,2669,343,207,0,645,1179
car8,2034,974,438,645,0,551
car9,1490,1517,975,1179,551,0
