,person:1,car:3,car:4,car:7,car:8,car:9
person:1,0,3010,2474,2668,2044,1495
car:3,3010,0,537,349,968,1516
car:4,2474,537,0,196,438,979
car:7,2668,349,196,0,635,1173
car:8,2044,968,438,635,0,555
car:9,1495,1516,979,1173,555,0
