,person:1,car:3,car:4,car:7,car:8,car:9
person:1,0,3015,2481,2671,2058,1500
car:3,3015,0,536,350,959,1515
car:4,2481,536,0,191,433,980
car:7,2671,350,191,0,624,1171
car:8,2058,959,433,624,0,563
car:9,1500,1515,980,1171,563,0
