,car:1,motorcycle:2,person:3,car:4,person:5,motorcycle:6
car:1,0,718,696,273,328,341
motorcycle:2,718,0,189,988,412,378
person:3,696,189,0,970,368,387
car:4,273,988,970,0,602,610
person:5,328,412,368,602,0,110
motorcycle:6,341,378,387,610,110,0
