,person:1,car:3,car:4,car:7,car:8,car:9
person:1,0,3017,2485,2673,2073,1507
car:3,3017,0,534,351,947,1511
car:4,2485,534,0,188,424,978
car:7,2673,351,188,0,612,1166
car:8,2073,947,424,612,0,571
car:9,1507,1511,978,1166,571,0
