,person:1,car:3,car:4,car:7,car:8,car:9
person:1,0,3022,2493,2678,2084,1512
car:3,3022,0,531,351,939,1510
car:4,2493,531,0,185,421,981
car:7,2678,351,185,0,605,1166
car:8,2084,939,421,605,0,577
car:9,1512,1510,981,1166,577,0
