,person1,car3,car4,car7,car8,car9
person1,0,3024,2501,2681,2095,1511
car3,3024,0,527,351,930,1513
car4,2501,527,0,179,419,989
car7,2681,351,179,0,597,1169
car8,2095,930,419,597,0,588
car9,1511,1513,989,1169,588,0
