,person:1,car:3,car:4,car:7,car:8,car:9
person:1,0,3026,2511,2688,2110,1510
car:3,3026,0,521,347,917,1516
car:4,2511,521,0,176,418,1001
car:7,2688,347,176,0,589,1177
car:8,2110,917,418,589,0,604
car:9,1510,1516,1001,1177,604,0
