,person:1,car:3,car:4,car:7,car:8,car:9
person:1,0,3026,2509,2694,2125,1509
car:3,3026,0,528,341,902,1517
car:4,2509,528,0,187,410,1001
car:7,2694,341,187,0,580,1184
car:8,2125,902,410,580,0,620
car:9,1509,1517,1001,1184,620,0
