,person1,car3,car4,car7,car8,car9
person1,0,3033,2522,2701,2146,1515
car3,3033,0,523,339,888,1517
car4,2522,523,0,183,404,1008
car7,2701,339,183,0,567,1186
car8,2146,888,404,567,0,635
car9,1515,1517,1008,1186,635,0
