,car:1,motorcycle:2,person:3,car:4,person:5,motorcycle:6
car:1,0,723,701,281,329,342
motorcycle:2,723,0,184,999,415,381
person:3,701,184,0,982,372,388
car:4,281,999,982,0,610,617
person:5,329,415,372,610,0,106
motorcycle:6,342,381,388,617,106,0
