,person1,car2,car3,car4,car6,car7
person1,0,1037,1676,1294,818,1514
car2,1037,0,654,256,270,477
car3,1676,654,0,414,918,206
car4,1294,256,414,0,507,223
car6,818,270,918,507,0,730
car7,1514,477,206,223,730,0
