,car:1,motorcycle:2,person:3,car:4,person:5,motorcycle:6
car:1,0,729,706,282,328,350
motorcycle:2,729,0,188,1006,422,379
person:3,706,188,0,988,377,387
car:4,282,1006,988,0,611,627
person:5,328,422,377,611,0,112
motorcycle:6,350,379,387,627,112,0
