,person:1,car:2,car:3,car:4,car:6,car:7
person:1,0,1039,1679,1295,823,1515
car:2,1039,0,656,256,266,477
car:3,1679,656,0,416,915,206
car:4,1295,256,416,0,502,224
car:6,823,266,915,502,0,726
car:7,1515,477,206,224,726,0
