,person1,car2,car3,car4,car6,car7
person1,0,1041,1684,1298,828,1520
car2,1041,0,658,256,263,480
car3,1684,658,0,418,915,207
car4,1298,256,418,0,500,225
car6,828,263,915,500,0,725
car7,1520,480,207,225,725,0
