,person:2,person:3,person:5,person:119,person:377,person:468,bird:540,bird:545
person:2,0,1261,357,2475,2745,606,1418,2003
person:3,1261,0,903,1216,1489,655,978,926
person:5,357,903,0,2118,2388,250,1184,1675
person:119,2475,1216,2118,0,277,1871,1772,985
person:377,2745,1489,2388,277,0,2143,2034,1218
person:468,606,655,250,1871,2143,0,1029,1437
bird:540,1418,978,1184,1772,2034,1029,0,874
bird:545,2003,926,1675,985,1218,1437,874,0
