,person:2,person:3,person:5,person:119,person:377,person:468,bird:540,bird:545,bird:514
person:2,0,1227,359,2473,2743,593,1364,2002,2252
person:3,1227,0,868,1249,1521,634,952,959,1215
person:5,359,868,0,2116,2386,234,1115,1665,1919
person:119,2473,1249,2116,0,276,1883,1797,1016,1054
person:377,2743,1521,2386,276,0,2154,2061,1248,1245
person:468,593,634,234,1883,2154,0,987,1449,1706
bird:540,1364,952,1115,1797,2061,987,0,895,1077
bird:545,2002,959,1665,1016,1248,1449,895,0,260
bird:514,2252,1215,1919,1054,1245,1706,1077,260,0
