,person:2,person:3,person:5,person:119,person:377,person:468,bird:545,bird:555,bird:514
person:2,0,1193,354,2469,2743,572,1986,2483,2172
person:3,1193,0,840,1278,1555,621,989,1426,1173
person:5,354,840,0,2118,2394,219,1651,2144,1839
person:119,2469,1278,2118,0,281,1900,1067,987,1079
person:377,2743,1555,2394,281,0,2176,1302,1134,1286
person:468,572,621,219,1900,2176,0,1456,1943,1646
bird:545,1986,989,1651,1067,1302,1456,0,502,190
bird:555,2483,1426,2144,987,1134,1943,502,0,332
bird:514,2172,1173,1839,1079,1286,1646,190,332,0
