,person1,car2,car3,car4,car6,car7
person1,0,1050,1692,1303,836,1529
car2,1050,0,657,253,263,480
car3,1692,657,0,420,914,207
car4,1303,253,420,0,496,229
car6,836,263,914,496,0,725
car7,1529,480,207,229,725,0
