,car:1,motorcycle:2,person:3,car:4,person:5,motorcycle:6
car:1,0,735,712,293,324,345
motorcycle:2,735,0,187,1024,433,390
person:3,712,187,0,1005,388,398
car:4,293,1024,1005,0,616,633
person:5,324,433,388,616,0,113
motorcycle:6,345,390,398,633,113,0
