,person:1,car:2,car:3,car:4,car:6,car:7
person:1,0,1057,1700,1310,840,1535
car:2,1057,0,657,253,264,479
car:3,1700,657,0,420,914,207
car:4,1310,253,420,0,497,228
car:6,840,264,914,497,0,725
car:7,1535,479,207,228,725,0
