,car:1,motorcycle:2,person:3,car:4,person:5,motorcycle:6
car:1,0,736,714,296,325,343
motorcycle:2,736,0,191,1029,432,394
person:3,714,191,0,1010,389,403
car:4,296,1029,1010,0,621,634
person:5,325,432,389,621,0,113
motorcycle:6,343,394,403,634,113,0
