,car:1,motorcycle:2,person:3,person:5,motorcycle:6,car:8
car:1,0,1976,1951,1155,1158,812
motorcycle:2,1976,0,389,875,826,1199
person:3,1951,389,0,796,814,1139
person:5,1155,875,796,0,146,343
motorcycle:6,1158,826,814,146,0,376
car:8,812,1199,1139,343,376,0
