,car:1,motorcycle:2,person:3,person:5,motorcycle:6,car:8
car:1,0,1984,1957,1158,1161,859
motorcycle:2,1984,0,385,878,829,1162
person:3,1957,385,0,798,816,1098
person:5,1158,878,798,0,145,300
motorcycle:6,1161,829,816,145,0,338
car:8,859,1162,1098,300,338,0
