,person:1,car:2,car:3,car:4,car:6,car:7
person:1,0,1064,1710,1317,845,1542
car:2,1064,0,659,253,264,479
car:3,1710,659,0,423,917,211
car:4,1317,253,423,0,497,228
car:6,845,264,917,497,0,725
car:7,1542,479,211,228,725,0
