,car:1,motorcycle:2,person:3,person:5,motorcycle:6,car:8
car:1,0,2021,1989,1179,1201,795
motorcycle:2,2021,0,414,894,826,1262
person:3,1989,414,0,810,816,1193
person:5,1179,894,810,0,154,385
motorcycle:6,1201,826,816,154,0,439
car:8,795,1262,1193,385,439,0
