,car:1,motorcycle:2,person:3,person:5,motorcycle:6,car:8
car:1,0,2029,1995,1188,1223,821
motorcycle:2,2029,0,413,893,806,1248
person:3,1995,413,0,806,828,1174
person:5,1188,893,806,0,222,370
motorcycle:6,1223,806,828,222,0,464
car:8,821,1248,1174,370,464,0
