,car:1,motorcycle:2,person:3,person:5,motorcycle:6,car:8
car:1,0,2030,1998,1193,1223,840
motorcycle:2,2030,0,403,891,808,1230
person:3,1998,403,0,805,817,1159
person:5,1193,891,805,0,199,355
motorcycle:6,1223,808,817,199,0,437
car:8,840,1230,1159,355,437,0
