,car:1,motorcycle:2,person:3,person:5,motorcycle:6,car:8
car:1,0,2036,2004,1196,1237,829
motorcycle:2,2036,0,405,894,801,1245
person:3,2004,405,0,807,852,1175
person:5,1196,894,807,0,285,368
motorcycle:6,1237,801,852,285,0,492
car:8,829,1245,1175,368,492,0
