,car:1,motorcycle:2,person:3,person:5,motorcycle:6,car:8
car:1,0,2047,2016,1207,1242,815
motorcycle:2,2047,0,412,895,808,1270
person:3,2016,412,0,808,870,1202
person:5,1207,895,808,0,307,394
motorcycle:6,1242,808,870,307,0,518
car:8,815,1270,1202,394,518,0
