,car:1,motorcycle:2,person:3,person:5,motorcycle:6,car:8
car:1,0,2053,2020,1230,1267,804
motorcycle:2,2053,0,421,883,789,1286
person:3,2020,421,0,790,851,1217
person:5,1230,883,790,0,304,427
motorcycle:6,1267,789,851,304,0,542
car:8,804,1286,1217,427,542,0
