,car:1,motorcycle:2,person:3,car:4,person:5,motorcycle:6
car:1,0,744,718,304,321,346
motorcycle:2,744,0,197,1043,446,398
person:3,718,197,0,1022,397,404
car:4,304,1043,1022,0,625,645
person:5,321,446,397,625,0,117
motorcycle:6,346,398,404,645,117,0
