,person1,car2,car3,car4,car6,car7
person1,0,1071,1718,1324,851,1550
car2,1071,0,660,252,263,479
car3,1718,660,0,424,918,211
car4,1324,252,424,0,497,229
car6,851,263,918,497,0,726
car7,1550,479,211,229,726,0
