,car:1,motorcycle:2,person:3,person:5,motorcycle:6,car:8
car:1,0,2074,2039,1227,1283,796
motorcycle:2,2074,0,418,911,791,1314
person:3,2039,418,0,812,840,1244
person:5,1227,911,812,0,301,431
motorcycle:6,1283,791,840,301,0,555
car:8,796,1314,1244,431,555,0
