,car:1,motorcycle:2,person:3,person:5,motorcycle:6,car:8
car:1,0,2087,2049,1246,1287,797
motorcycle:2,2087,0,431,910,800,1327
person:3,2049,431,0,803,835,1252
person:5,1246,910,803,0,279,449
motorcycle:6,1287,800,835,279,0,548
car:8,797,1327,1252,449,548,0
