,car:1,motorcycle:2,person:3,person:5,motorcycle:6,car:8
car:1,0,2097,2057,1254,1289,790
motorcycle:2,2097,0,412,912,807,1343
person:3,2057,412,0,803,829,1268
person:5,1254,912,803,0,269,464
motorcycle:6,1289,807,829,269,0,553
car:8,790,1343,1268,464,553,0
