,car:1,motorcycle:2,person:3,person:5,motorcycle:6,car:8
car:1,0,2132,2092,1291,1311,809
motorcycle:2,2132,0,447,913,821,1361
person:3,2092,447,0,801,858,1283
person:5,1291,913,801,0,284,482
motorcycle:6,1311,821,858,284,0,563
car:8,809,1361,1283,482,563,0
