,car:1,motorcycle:2,person:3,person:5,motorcycle:6,car:8
car:1,0,2142,2101,1301,1311,827
motorcycle:2,2142,0,433,913,831,1354
person:3,2101,433,0,800,865,1275
person:5,1301,913,800,0,290,474
motorcycle:6,1311,831,865,290,0,551
car:8,827,1354,1275,474,551,0
