,car:1,motorcycle:2,person:3,person:5,motorcycle:6,car:8
car:1,0,2155,2116,1313,1311,818
motorcycle:2,2155,0,416,914,848,1373
person:3,2116,416,0,803,838,1298
person:5,1313,914,803,0,207,495
motorcycle:6,1311,848,838,207,0,528
car:8,818,1373,1298,495,528,0
