,car:1,motorcycle:2,person:3,person:5,motorcycle:6,car:8
car:1,0,2165,2126,1323,1316,810
motorcycle:2,2165,0,400,907,857,1386
person:3,2126,400,0,803,831,1316
person:5,1323,907,803,0,168,513
motorcycle:6,1316,857,831,168,0,529
car:8,810,1386,1316,513,529,0
