,person1,car2,car3,car4,car6,car7
person1,0,1080,1729,1333,860,1560
car2,1080,0,662,253,262,480
car3,1729,662,0,426,919,213
car4,1333,253,426,0,497,229
car6,860,262,919,497,0,726
car7,1560,480,213,229,726,0
