,car:1,motorcycle:2,person:3,car:4,person:5,motorcycle:6
car:1,0,746,725,307,319,343
motorcycle:2,746,0,196,1048,452,403
person:3,725,196,0,1032,406,413
car:4,307,1048,1032,0,626,645
person:5,319,452,406,626,0,122
motorcycle:6,343,403,413,645,122,0
