,car:1,motorcycle:2,person:3,person:5,motorcycle:6,car:8
car:1,0,2177,2139,1327,1327,811
motorcycle:2,2177,0,405,913,860,1397
person:3,2139,405,0,812,831,1328
person:5,1327,913,812,0,156,515
motorcycle:6,1327,860,831,156,0,537
car:8,811,1397,1328,515,537,0
