,car:1,motorcycle:2,person:3,person:5,motorcycle:6,car:8,car:10
car:1,0,2186,2145,1324,1329,810,1688
motorcycle:2,2186,0,409,923,867,1408,600
person:3,2145,409,0,821,835,1336,458
person:5,1324,923,821,0,150,514,365
motorcycle:6,1329,867,835,150,0,540,384
car:8,810,1408,1336,514,540,0,880
car:10,1688,600,458,365,384,880,0
