,car:1,motorcycle:2,person:3,person:5,motorcycle:6,car:8,car:10
car:1,0,2193,2150,1332,1331,806,1694
motorcycle:2,2193,0,413,924,876,1422,600
person:3,2150,413,0,817,835,1345,456
person:5,1332,924,817,0,140,528,363
motorcycle:6,1331,876,835,140,0,545,383
car:8,806,1422,1345,528,545,0,891
car:10,1694,600,456,363,383,891,0
