,car:1,motorcycle:2,person:3,person:5,motorcycle:6,car:8,car:10
car:1,0,2198,2155,1333,1334,805,1698
motorcycle:2,2198,0,407,926,874,1427,599
person:3,2155,407,0,822,839,1351,458
person:5,1333,926,822,0,147,530,366
motorcycle:6,1334,874,839,147,0,552,386
car:8,805,1427,1351,530,552,0,896
car:10,1698,599,458,366,386,896,0
