,car:1,motorcycle:2,person:3,person:5,motorcycle:6,car:8,car:10
car:1,0,2201,2160,1338,1341,801,1700
motorcycle:2,2201,0,416,928,873,1433,608
person:3,2160,416,0,822,836,1359,460
person:5,1338,928,822,0,147,537,363
motorcycle:6,1341,873,836,147,0,560,383
car:8,801,1433,1359,537,560,0,900
car:10,1700,608,460,363,383,900,0
