,car:1,motorcycle:2,person:3,person:5,motorcycle:6,car:8,car:10
car:1,0,2221,2175,1346,1349,796,1705
motorcycle:2,2221,0,425,941,885,1458,627
person:3,2175,425,0,828,843,1379,470
person:5,1346,941,828,0,147,551,359
motorcycle:6,1349,885,843,147,0,572,381
car:8,796,1458,1379,551,572,0,910
car:10,1705,627,470,359,381,910,0
