,car:1,motorcycle:2,person:3,person:5,motorcycle:6,car:8,car:10
car:1,0,2227,2179,1349,1353,795,1704
motorcycle:2,2227,0,426,947,889,1467,635
person:3,2179,426,0,830,843,1386,475
person:5,1349,947,830,0,150,555,356
motorcycle:6,1353,889,843,150,0,578,377
car:8,795,1467,1386,555,578,0,911
car:10,1704,635,475,356,377,911,0
