,car:1,motorcycle:2,person:3,person:5,motorcycle:6,car:8,car:10,car:13
car:1,0,2233,2184,1351,1351,791,1706,1183
motorcycle:2,2233,0,431,952,898,1477,637,1120
person:3,2184,431,0,833,850,1394,478,1004
person:5,1351,952,833,0,148,561,356,173
motorcycle:6,1351,898,850,148,0,579,378,247
car:8,791,1477,1394,561,579,0,917,391
car:10,1706,637,478,356,378,917,0,529
car:13,1183,1120,1004,173,247,391,529,0
