,car:1,motorcycle:2,person:3,person:5,motorcycle:6,car:8,car:10,car:13
car:1,0,2234,2187,1354,1353,788,1711,1187
motorcycle:2,2234,0,424,948,898,1481,635,1116
person:3,2187,424,0,833,847,1400,476,1002
person:5,1354,948,833,0,135,567,357,172
motorcycle:6,1353,898,847,135,0,583,378,238
car:8,788,1481,1400,567,583,0,925,399
car:10,1711,635,476,357,378,925,0,529
car:13,1187,1116,1002,172,238,399,529,0
