,person:1,car:2,car:3,car:4,car:6,car:7
person:1,0,1088,1738,1341,870,1567
car:2,1088,0,663,252,262,479
car:3,1738,663,0,426,919,213
car:4,1341,252,426,0,496,228
car:6,870,262,919,496,0,724
car:7,1567,479,213,228,724,0
