,car:1,motorcycle:2,person:3,car:4,person:5,motorcycle:6
car:1,0,748,727,311,321,341
motorcycle:2,748,0,190,1055,453,407
person:3,727,190,0,1039,406,413
car:4,311,1055,1039,0,632,648
person:5,321,453,406,632,0,119
motorcycle:6,341,407,413,648,119,0
