,car:1,motorcycle:2,person:3,person:5,motorcycle:6,car:8,car:10,car:13
car:1,0,2236,2190,1357,1357,786,1716,1193
motorcycle:2,2236,0,423,946,895,1483,628,1111
person:3,2190,423,0,832,846,1405,474,999
person:5,1357,946,832,0,137,572,359,169
motorcycle:6,1357,895,846,137,0,588,378,237
car:8,786,1483,1405,572,588,0,932,407
car:10,1716,628,474,359,378,932,0,528
car:13,1193,1111,999,169,237,407,528,0
