,car:1,motorcycle:2,person:3,person:5,motorcycle:6,car:8,car:10,car:13
car:1,0,2244,2197,1362,1362,783,1719,1196
motorcycle:2,2244,0,427,950,897,1493,630,1115
person:3,2197,427,0,835,851,1415,478,1003
person:5,1362,950,835,0,146,580,359,171
motorcycle:6,1362,897,851,146,0,596,378,242
car:8,783,1493,1415,580,596,0,938,412
car:10,1719,630,478,359,378,938,0,529
car:13,1196,1115,1003,171,242,412,529,0
