,car:1,motorcycle:2,person:3,person:5,motorcycle:6,car:8,car:10,car:13
car:1,0,2250,2202,1364,1363,780,1722,1198
motorcycle:2,2250,0,431,953,907,1503,631,1121
person:3,2202,431,0,838,851,1423,481,1006
person:5,1364,953,838,0,124,585,359,172
motorcycle:6,1363,907,851,124,0,597,372,231
car:8,780,1503,1423,585,597,0,944,417
car:10,1722,631,481,359,372,944,0,531
car:13,1198,1121,1006,172,231,417,531,0
