,car:1,motorcycle:2,person:3,person:5,motorcycle:6,car:8,car:10,car:13
car:1,0,2266,2220,1381,1385,773,1729,1202
motorcycle:2,2266,0,420,945,894,1523,631,1128
person:3,2220,420,0,838,852,1448,492,1020
person:5,1381,945,838,0,137,609,349,186
motorcycle:6,1385,894,852,137,0,629,364,256
car:8,773,1523,1448,609,629,0,958,428
car:10,1729,631,492,349,364,958,0,534
car:13,1202,1128,1020,186,256,428,534,0
