,car:1,motorcycle:2,person:3,person:5,motorcycle:6,car:8,car:10,car:13
car:1,0,2264,2222,1384,1391,770,1732,1202
motorcycle:2,2264,0,411,938,883,1521,621,1120
person:3,2222,411,0,838,850,1452,491,1021
person:5,1384,938,838,0,146,614,350,186
motorcycle:6,1391,883,850,146,0,637,365,262
car:8,770,1521,1452,614,637,0,964,432
car:10,1732,621,491,350,365,964,0,535
car:13,1202,1120,1021,186,262,432,535,0
