,car:1,motorcycle:2,person:3,person:5,motorcycle:6,car:8,car:10,car:13
car:1,0,2265,2234,1391,1397,770,1738,1208
motorcycle:2,2265,0,394,926,876,1518,607,1111
person:3,2234,394,0,842,857,1464,498,1027
person:5,1391,926,842,0,147,622,348,188
motorcycle:6,1397,876,857,147,0,642,364,262
car:8,770,1518,1464,622,642,0,969,437
car:10,1738,607,498,348,364,969,0,536
car:13,1208,1111,1027,188,262,437,536,0
