,car:1,motorcycle:2,person:3,person:5,motorcycle:6,car:8,car:10,car:13
car:1,0,2274,2245,1401,1408,771,1745,1216
motorcycle:2,2274,0,377,920,867,1526,607,1111
person:3,2245,377,0,843,869,1475,500,1031
person:5,1401,920,843,0,185,631,344,193
motorcycle:6,1408,867,869,185,0,661,384,296
car:8,771,1526,1475,631,661,0,976,444
car:10,1745,607,500,344,384,976,0,535
car:13,1216,1111,1031,193,296,444,535,0
