,car:1,motorcycle:2,person:3,person:5,motorcycle:6,car:8,car:10,car:13
car:1,0,2296,2262,1416,1413,772,1760,1218
motorcycle:2,2296,0,381,932,890,1548,615,1118
person:3,2262,381,0,846,867,1491,502,1044
person:5,1416,932,846,0,147,645,346,198
motorcycle:6,1413,890,867,147,0,657,371,244
car:8,772,1548,1491,645,657,0,990,446
car:10,1760,615,502,346,371,990,0,544
car:13,1218,1118,1044,198,244,446,544,0
