,car:1,motorcycle:2,person:3,person:5,motorcycle:6,car:8,car:10,car:13
car:1,0,2304,2272,1418,1411,773,1771,1219
motorcycle:2,2304,0,385,937,906,1554,614,1121
person:3,2272,385,0,854,873,1499,502,1053
person:5,1418,937,854,0,118,645,354,199
motorcycle:6,1411,906,873,118,0,649,374,220
car:8,773,1554,1499,645,649,0,1000,446
car:10,1771,614,502,354,374,1000,0,553
car:13,1219,1121,1053,199,220,446,553,0
