,car:1,motorcycle:2,person:3,person:5,motorcycle:6,car:8,motorcycle:10,car:13
car:1,0,2314,2283,1431,1423,775,1777,1232
motorcycle:2,2314,0,390,936,903,1563,616,1128
person:3,2283,390,0,852,874,1508,507,1051
person:5,1431,936,852,0,127,656,348,200
motorcycle:6,1423,903,874,127,0,661,369,239
car:8,775,1563,1508,656,661,0,1004,457
motorcycle:10,1777,616,507,348,369,1004,0,548
car:13,1232,1128,1051,200,239,457,548,0
