,car:1,motorcycle:2,person:3,person:5,motorcycle:6,car:8,motorcycle:10,car:13
car:1,0,2327,2297,1446,1443,776,1784,1248
motorcycle:2,2327,0,397,932,898,1575,623,1131
person:3,2297,397,0,851,867,1521,514,1050
person:5,1446,932,851,0,112,671,339,203
motorcycle:6,1443,898,867,112,0,678,355,246
car:8,776,1575,1521,671,678,0,1010,471
motorcycle:10,1784,623,514,339,355,1010,0,541
car:13,1248,1131,1050,203,246,471,541,0
