,car:1,motorcycle:2,person:3,person:5,motorcycle:6,car:8,car:10,car:13
car:1,0,2357,2332,1456,1453,777,1798,1260
motorcycle:2,2357,0,402,949,913,1603,639,1150
person:3,2332,402,0,876,898,1555,535,1073
person:5,1456,949,876,0,132,679,342,203
motorcycle:6,1453,913,898,132,0,689,368,260
car:8,777,1603,1555,679,689,0,1022,482
car:10,1798,639,535,342,368,1022,0,543
car:13,1260,1150,1073,203,260,482,543,0
