,car:1,motorcycle:2,person:3,person:5,motorcycle:6,car:8,car:10,car:13
car:1,0,2363,2339,1466,1465,779,1807,1253
motorcycle:2,2363,0,401,945,908,1607,638,1151
person:3,2339,401,0,873,893,1561,534,1086
person:5,1466,945,873,0,129,688,341,214
motorcycle:6,1465,908,893,129,0,699,365,254
car:8,779,1607,1561,688,699,0,1029,474
car:10,1807,638,534,341,365,1029,0,555
car:13,1253,1151,1086,214,254,474,555,0
