,car:1,motorcycle:2,person:3,person:5,motorcycle:6,car:8,car:10,car:13
car:1,0,2369,2344,1469,1465,777,1812,1250
motorcycle:2,2369,0,388,945,915,1614,635,1153
person:3,2344,388,0,875,894,1567,533,1094
person:5,1469,945,875,0,112,693,343,218
motorcycle:6,1465,915,894,112,0,700,365,244
car:8,777,1614,1567,693,700,0,1036,474
car:10,1812,635,533,343,365,1036,0,562
car:13,1250,1153,1094,218,244,474,562,0
