,car:1,motorcycle:2,person:3,person:5,motorcycle:6,car:8,car:10,car:13
car:1,0,2375,2353,1480,1474,778,1820,1276
motorcycle:2,2375,0,378,938,909,1621,631,1144
person:3,2353,378,0,873,898,1576,534,1078
person:5,1480,938,873,0,129,704,339,209
motorcycle:6,1474,909,898,129,0,711,371,256
car:8,778,1621,1576,704,711,0,1044,498
car:10,1820,631,534,339,371,1044,0,547
car:13,1276,1144,1078,209,256,498,547,0
