,car:1,motorcycle:2,person:3,person:5,motorcycle:6,car:8,car:10,car:13,car:15
car:1,0,2382,2363,1484,1480,779,1827,1291,1079
motorcycle:2,2382,0,378,942,908,1626,630,1141,1334
person:3,2363,378,0,879,902,1584,536,1073,1284
person:5,1484,942,879,0,139,706,343,200,406
motorcycle:6,1480,908,902,139,0,718,374,263,430
car:8,779,1626,1584,706,718,0,1049,511,300
car:10,1827,630,536,343,374,1049,0,540,749
car:13,1291,1141,1073,200,263,511,540,0,212
car:15,1079,1334,1284,406,430,300,749,212,0
