,car:1,motorcycle:2,person:3,car:4,person:5,motorcycle:6
car:1,0,752,733,315,325,343
motorcycle:2,752,0,190,1063,452,410
person:3,733,190,0,1048,408,420
car:4,315,1063,1048,0,640,653
person:5,325,452,408,640,0,122
motorcycle:6,343,410,420,653,122,0
