,car:1,motorcycle:2,person:3,person:5,motorcycle:6,car:8,car:10,car:13,car:15
car:1,0,2391,2372,1489,1484,781,1834,1304,1086
motorcycle:2,2391,0,378,948,913,1633,628,1138,1336
person:3,2372,378,0,883,908,1592,539,1069,1286
person:5,1489,948,883,0,146,709,346,191,403
motorcycle:6,1484,913,908,146,0,719,376,260,426
car:8,781,1633,1592,709,719,0,1056,523,306
car:10,1834,628,539,346,376,1056,0,536,750
car:13,1304,1138,1069,191,260,523,536,0,218
car:15,1086,1336,1286,403,426,306,750,218,0
