,car:1,motorcycle:2,person:3,person:5,motorcycle:6,car:8,car:10,car:13,car:15
car:1,0,2401,2382,1496,1495,782,1842,1311,1093
motorcycle:2,2401,0,377,952,912,1642,633,1143,1339
person:3,2382,377,0,886,908,1601,541,1073,1289
person:5,1496,952,886,0,152,715,346,192,403
motorcycle:6,1495,912,908,152,0,730,375,269,431
car:8,782,1642,1601,715,730,0,1062,529,311
car:10,1842,633,541,346,375,1062,0,537,750
car:13,1311,1143,1073,192,269,529,537,0,218
car:15,1093,1339,1289,403,431,311,750,218,0
