,car:1,motorcycle:2,person:3,person:5,motorcycle:6,car:8,car:10,car:13,car:15
car:1,0,2410,2387,1504,1507,782,1850,1315,1096
motorcycle:2,2410,0,359,951,909,1650,630,1145,1344
person:3,2387,359,0,882,898,1606,537,1074,1291
person:5,1504,951,882,0,145,723,346,196,409
motorcycle:6,1507,909,898,145,0,741,369,268,437
car:8,782,1650,1606,723,741,0,1070,532,314
car:10,1850,630,537,346,369,1070,0,541,756
car:13,1315,1145,1074,196,268,532,541,0,220
car:15,1096,1344,1291,409,437,314,756,220,0
