,car:1,motorcycle:2,person:3,person:5,motorcycle:6,car:8,car:10,car:13,car:15
car:1,0,2418,2397,1518,1521,785,1858,1321,1103
motorcycle:2,2418,0,373,950,906,1658,637,1151,1346
person:3,2397,373,0,879,890,1614,539,1078,1295
person:5,1518,950,879,0,136,734,341,203,415
motorcycle:6,1521,906,890,136,0,752,358,267,441
car:8,785,1658,1614,734,752,0,1076,536,319
car:10,1858,637,539,341,358,1076,0,543,756
car:13,1321,1151,1078,203,267,536,543,0,218
car:15,1103,1346,1295,415,441,319,756,218,0
