,car:1,motorcycle:2,person:3,person:5,motorcycle:6,car:8,car:10,car:13,car:15
car:1,0,2439,2423,1548,1550,791,1877,1340,1117
motorcycle:2,2439,0,363,945,898,1675,640,1153,1355
person:3,2423,363,0,874,888,1634,546,1085,1307
person:5,1548,945,874,0,153,759,329,212,432
motorcycle:6,1550,898,888,153,0,777,353,280,459
car:8,791,1675,1634,759,777,0,1089,549,327
car:10,1877,640,546,329,353,1089,0,542,761
car:13,1340,1153,1085,212,280,549,542,0,223
car:15,1117,1355,1307,432,459,327,761,223,0
