,car:1,motorcycle:2,person:3,person:5,motorcycle:6,car:8,car:10,car:13,car:15
car:1,0,2454,2436,1560,1564,794,1887,1351,1125
motorcycle:2,2454,0,372,950,899,1687,642,1158,1363
person:3,2436,372,0,876,888,1644,549,1087,1312
person:5,1560,950,876,0,153,767,330,212,435
motorcycle:6,1564,899,888,153,0,788,348,282,466
car:8,794,1687,1644,767,788,0,1097,557,332
car:10,1887,642,549,330,348,1097,0,542,764
car:13,1351,1158,1087,212,282,557,542,0,226
car:15,1125,1363,1312,435,466,332,764,226,0
