,car:1,motorcycle:2,person:3,person:5,motorcycle:6,car:8,car:10,car:13,car:15
car:1,0,2462,2448,1572,1575,796,1897,1361,1135
motorcycle:2,2462,0,375,949,897,1695,646,1157,1362
person:3,2448,375,0,876,888,1655,551,1090,1314
person:5,1572,949,876,0,155,778,327,214,437
motorcycle:6,1575,897,888,155,0,797,347,282,466
car:8,796,1695,1655,778,797,0,1104,565,340
car:10,1897,646,551,327,347,1104,0,542,764
car:13,1361,1157,1090,214,282,565,542,0,226
car:15,1135,1362,1314,437,466,340,764,226,0
