,car:1,motorcycle:2,person:3,person:5,motorcycle:6,car:8,car:10,car:13,car:15
car:1,0,2474,2460,1589,1593,802,1909,1377,1144
motorcycle:2,2474,0,374,942,891,1702,647,1155,1366
person:3,2460,374,0,871,882,1661,551,1086,1318
person:5,1589,942,871,0,150,790,320,217,446
motorcycle:6,1593,891,882,150,0,810,342,286,476
car:8,802,1702,1661,790,810,0,1111,575,343
car:10,1909,647,551,320,342,1111,0,538,767
car:13,1377,1155,1086,217,286,575,538,0,233
car:15,1144,1366,1318,446,476,343,767,233,0
