,person1,car2,car3,car4,car6,car7
person1,0,1108,1759,1359,891,1583
car2,1108,0,664,250,260,475
car3,1759,664,0,429,918,216
car4,1359,250,429,0,491,227
car6,891,260,918,491,0,718
car7,1583,475,216,227,718,0
