,car:1,motorcycle:2,person:3,person:5,motorcycle:6,car:8,car:10,car:13,car:15
car:1,0,2490,2484,1613,1613,811,1930,1399,1163
motorcycle:2,2490,0,358,931,889,1711,641,1150,1371
person:3,2484,358,0,871,883,1677,553,1089,1325
person:5,1613,931,871,0,136,806,318,222,454
motorcycle:6,1613,889,883,136,0,822,342,282,484
car:8,811,1711,1677,806,822,0,1125,588,352
car:10,1930,641,553,318,342,1125,0,538,772
car:13,1399,1150,1089,222,282,588,538,0,236
car:15,1163,1371,1325,454,484,352,772,236,0
