,car:1,motorcycle:2,person:3,person:5,motorcycle:6,car:8,car:10,car:13,car:15
car:1,0,2499,2497,1623,1621,814,1939,1406,1166
motorcycle:2,2499,0,362,934,890,1719,645,1154,1375
person:3,2497,362,0,874,887,1688,557,1095,1333
person:5,1623,934,874,0,139,813,317,224,459
motorcycle:6,1621,890,887,139,0,829,342,285,485
car:8,814,1719,1688,813,829,0,1131,593,354
car:10,1939,645,557,317,342,1131,0,540,777
car:13,1406,1154,1095,224,285,593,540,0,239
car:15,1166,1375,1333,459,485,354,777,239,0
