,car:1,motorcycle:2,person:3,person:5,motorcycle:6,car:8,car:10,car:13,car:15
car:1,0,2506,2502,1630,1630,816,1950,1414,1176
motorcycle:2,2506,0,368,934,888,1724,644,1155,1370
person:3,2502,368,0,872,883,1691,551,1092,1328
person:5,1630,934,872,0,138,819,320,224,456
motorcycle:6,1630,888,883,138,0,836,344,287,482
car:8,816,1724,1691,819,836,0,1140,599,363
car:10,1950,644,551,320,344,1140,0,543,777
car:13,1414,1155,1092,224,287,599,543,0,238
car:15,1176,1370,1328,456,482,363,777,238,0
