,car:1,motorcycle:2,person:3,person:5,motorcycle:6,car:8,car:10,car:13,car:15
car:1,0,2523,2516,1652,1651,813,1966,1428,1186
motorcycle:2,2523,0,362,928,886,1742,639,1154,1374
person:3,2516,362,0,865,875,1708,550,1092,1332
person:5,1652,928,865,0,129,843,315,230,467
motorcycle:6,1651,886,875,129,0,856,334,283,488
car:8,813,1742,1708,843,856,0,1159,616,376
car:10,1966,639,550,315,334,1159,0,545,782
car:13,1428,1154,1092,230,283,616,545,0,241
car:15,1186,1374,1332,467,488,376,782,241,0
