,car:1,motorcycle:2,person:3,person:5,motorcycle:6,car:8,motorcycle:10,car:13,car:15
car:1,0,2532,2524,1651,1654,810,1972,1429,1188
motorcycle:2,2532,0,358,931,887,1747,635,1156,1378
person:3,2524,358,0,872,883,1716,552,1097,1337
person:5,1651,931,872,0,136,844,321,228,465
motorcycle:6,1654,887,883,136,0,860,340,288,491
car:8,810,1747,1716,844,860,0,1165,619,378
motorcycle:10,1972,635,552,321,340,1165,0,548,786
car:13,1429,1156,1097,228,288,619,548,0,242
car:15,1188,1378,1337,465,491,378,786,242,0
