,motorcycle:2,person:3,person:5,motorcycle:6,car:8,car:10,car:13,car:15
motorcycle:2,0,363,937,890,1759,639,1159,1384
person:3,363,0,873,884,1726,551,1097,1341
person:5,937,873,0,144,852,323,226,467
motorcycle:6,890,884,144,0,869,343,290,495
car:8,1759,1726,852,869,0,1175,628,384
car:10,639,551,323,343,1175,0,549,791
car:13,1159,1097,226,290,628,549,0,245
car:15,1384,1341,467,495,384,791,245,0
