,motorcycle:2,person:3,person:5,motorcycle:6,car:8,car:10,car:13,car:15
motorcycle:2,0,357,932,887,1760,630,1153,1381
person:3,357,0,876,888,1734,552,1098,1345
person:5,932,876,0,146,858,325,225,469
motorcycle:6,887,888,146,0,873,345,288,496
car:8,1760,1734,858,873,0,1183,636,388
car:10,630,552,325,345,1183,0,549,794
car:13,1153,1098,225,288,636,549,0,248
car:15,1381,1345,469,496,388,794,248,0
