,motorcycle:2,person:3,person:5,motorcycle:6,car:8,car:10,car:13,car:15
motorcycle:2,0,370,937,894,1777,639,1162,1392
person:3,370,0,879,895,1749,557,1105,1355
person:5,937,879,0,144,870,323,229,476
motorcycle:6,894,895,144,0,883,348,291,499
car:8,1777,1749,870,883,0,1193,644,394
car:10,639,557,323,348,1193,0,551,799
car:13,1162,1105,229,291,644,551,0,251
car:15,1392,1355,476,499,394,799,251,0
