,motorcycle:2,person:3,person:5,motorcycle:6,car:8,car:10,car:13,car:15
motorcycle:2,0,360,935,893,1788,637,1163,1394
person:3,360,0,880,897,1760,559,1109,1359
person:5,935,880,0,147,880,322,232,479
motorcycle:6,893,897,147,0,894,348,294,502
car:8,1788,1760,880,894,0,1203,652,401
car:10,637,559,322,348,1203,0,553,801
car:13,1163,1109,232,294,652,553,0,252
car:15,1394,1359,479,502,401,801,252,0
