,car:1,motorcycle:2,person:3,car:4,person:5,motorcycle:6
car:1,0,756,735,322,325,344
motorcycle:2,756,0,188,1073,455,413
person:3,735,188,0,1057,410,421
car:4,322,1073,1057,0,647,660
person:5,325,455,410,647,0,122
motorcycle:6,344,413,421,660,122,0
