,person1,car2,car3,car4,car6,car7
person1,0,1115,1766,1364,896,1591
car2,1115,0,664,248,261,476
car3,1766,664,0,430,919,214
car4,1364,248,430,0,491,230
car6,896,261,919,491,0,721
car7,1591,476,214,230,721,0
