,motorcycle:2,person:3,person:5,motorcycle:6,car:8,car:10,car:13,car:15
motorcycle:2,0,366,940,895,1795,635,1163,1397
person:3,366,0,888,902,1770,559,1110,1364
person:5,940,888,0,145,882,330,226,476
motorcycle:6,895,902,145,0,899,352,292,503
car:8,1795,1770,882,899,0,1213,660,406
car:10,635,559,330,352,1213,0,556,806
car:13,1163,1110,226,292,660,556,0,255
car:15,1397,1364,476,503,406,806,255,0
