,motorcycle:2,person:3,person:5,motorcycle:6,car:8,car:10,car:13,car:15
motorcycle:2,0,361,935,894,1798,634,1163,1397
person:3,361,0,885,902,1776,558,1112,1365
person:5,935,885,0,143,891,328,231,480
motorcycle:6,894,902,143,0,904,354,293,504
car:8,1798,1776,891,904,0,1219,664,410
car:10,634,558,328,354,1219,0,557,808
car:13,1163,1112,231,293,664,557,0,255
car:15,1397,1365,480,504,410,808,255,0
