,motorcycle:2,person:3,person:5,motorcycle:6,car:8,car:10,car:13,car:15
motorcycle:2,0,360,934,897,1816,632,1166,1400
person:3,360,0,877,899,1788,552,1110,1364
person:5,934,877,0,146,911,326,236,487
motorcycle:6,897,899,146,0,918,356,292,504
car:8,1816,1788,911,918,0,1237,678,424
car:10,632,552,326,356,1237,0,561,812
car:13,1166,1110,236,292,678,561,0,256
car:15,1400,1364,487,504,424,812,256,0
