,motorcycle:2,person:3,person:5,motorcycle:6,car:8,car:10,car:13,car:15
motorcycle:2,0,364,929,890,1821,630,1166,1400
person:3,364,0,870,892,1794,549,1111,1364
person:5,929,870,0,148,924,323,242,493
motorcycle:6,890,892,148,0,932,352,298,511
car:8,1821,1794,924,932,0,1246,684,430
car:10,630,549,323,352,1246,0,565,816
car:13,1166,1111,242,298,684,565,0,255
car:15,1400,1364,493,511,430,816,255,0
