,motorcycle:2,person:3,person:5,motorcycle:6,car:8,car:10,car:13,car:15
motorcycle:2,0,361,931,894,1830,630,1167,1403
person:3,361,0,870,893,1799,544,1107,1363
person:5,931,870,0,148,929,327,239,492
motorcycle:6,894,893,148,0,936,359,296,510
car:8,1830,1799,929,936,0,1256,692,436
car:10,630,544,327,359,1256,0,566,820
car:13,1167,1107,239,296,692,566,0,258
car:15,1403,1363,492,510,436,820,258,0
