,motorcycle:2,person:3,person:5,motorcycle:6,car:8,car:10,car:13,car:15
motorcycle:2,0,367,938,898,1840,632,1169,1406
person:3,367,0,874,894,1806,540,1105,1362
person:5,938,874,0,148,932,335,234,488
motorcycle:6,898,894,148,0,942,364,294,509
car:8,1840,1806,932,942,0,1268,701,444
car:10,632,540,335,364,1268,0,568,824
car:13,1169,1105,234,294,701,568,0,258
car:15,1406,1362,488,509,444,824,258,0
