,motorcycle:2,person:3,person:5,motorcycle:6,car:8,car:10,car:13,car:15
motorcycle:2,0,367,934,894,1847,630,1170,1407
person:3,367,0,871,892,1813,538,1106,1363
person:5,934,871,0,149,942,333,239,492
motorcycle:6,894,892,149,0,952,365,300,514
car:8,1847,1813,942,952,0,1276,707,449
car:10,630,538,333,365,1276,0,571,826
car:13,1170,1106,239,300,707,571,0,259
car:15,1407,1363,492,514,449,826,259,0
