,motorcycle:2,person:3,person:5,motorcycle:6,car:8,car:10,car:13,car:15
motorcycle:2,0,355,925,890,1851,622,1165,1403
person:3,355,0,868,893,1822,537,1108,1365
person:5,925,868,0,149,953,331,243,497
motorcycle:6,890,893,149,0,960,367,301,514
car:8,1851,1822,953,960,0,1285,714,456
car:10,622,537,331,367,1285,0,574,828
car:13,1165,1108,243,301,714,574,0,259
car:15,1403,1365,497,514,456,828,259,0
