,person1,car2,car3,car4,car6,car7
person1,0,1122,1776,1371,903,1588
car2,1122,0,667,248,260,466
car3,1776,667,0,434,922,225
car4,1371,248,434,0,491,220
car6,903,260,922,491,0,711
car7,1588,466,225,220,711,0
