,car:1,motorcycle:2,person:3,car:4,person:5,motorcycle:6
car:1,0,759,738,328,324,344
motorcycle:2,759,0,185,1082,459,415
person:3,738,185,0,1066,414,423
car:4,328,1082,1066,0,652,666
person:5,324,459,414,652,0,123
motorcycle:6,344,415,423,666,123,0
