,motorcycle:2,person:3,person:5,motorcycle:6,car:8,car:10,car:13,car:15
motorcycle:2,0,343,918,881,1866,610,1161,1400
person:3,343,0,866,889,1840,533,1108,1367
person:5,918,866,0,153,974,334,245,501
motorcycle:6,881,889,153,0,985,368,308,522
car:8,1866,1840,974,985,0,1309,732,473
car:10,610,533,334,368,1309,0,579,835
car:13,1161,1108,245,308,732,579,0,261
car:15,1400,1367,501,522,473,835,261,0
