,motorcycle:2,person:3,person:5,motorcycle:6,car:8,car:10,car:13,car:15
motorcycle:2,0,341,923,885,1878,611,1163,1405
person:3,341,0,871,892,1851,534,1109,1371
person:5,923,871,0,156,981,338,242,500
motorcycle:6,885,892,156,0,992,370,308,523
car:8,1878,1851,981,992,0,1319,742,480
car:10,611,534,338,370,1319,0,579,838
car:13,1163,1109,242,308,742,579,0,263
car:15,1405,1371,500,523,480,838,263,0
