,motorcycle:2,person:3,person:5,motorcycle:6,car:8,car:10,car:13,car:15
motorcycle:2,0,371,926,884,1897,617,1165,1412
person:3,371,0,870,893,1873,531,1109,1377
person:5,926,870,0,155,1003,339,243,507
motorcycle:6,884,893,155,0,1013,372,307,528
car:8,1897,1873,1003,1013,0,1343,764,495
car:10,617,531,339,372,1343,0,581,847
car:13,1165,1109,243,307,764,581,0,270
car:15,1412,1377,507,528,495,847,270,0
