,motorcycle:2,person:3,person:5,motorcycle:6,car:8,car:10,car:13,car:15
motorcycle:2,0,409,941,914,1931,639,1181,1428
person:3,409,0,873,916,1902,538,1115,1387
person:5,941,873,0,157,1029,336,246,514
motorcycle:6,914,916,157,0,1018,387,291,515
car:8,1931,1902,1029,1018,0,1365,787,515
car:10,639,538,336,387,1365,0,581,850
car:13,1181,1115,246,291,787,581,0,273
car:15,1428,1387,514,515,515,850,273,0
