,motorcycle:2,person:3,person:5,motorcycle:6,car:8,car:10,car:13,car:15
motorcycle:2,0,396,934,899,1954,635,1186,1436
person:3,396,0,875,908,1930,547,1128,1402
person:5,934,875,0,155,1055,330,257,527
motorcycle:6,899,908,155,0,1056,370,310,537
car:8,1954,1930,1055,1056,0,1385,802,528
car:10,635,547,330,370,1385,0,586,857
car:13,1186,1128,257,310,802,586,0,275
car:15,1436,1402,527,537,528,857,275,0
