,motorcycle:2,person:3,person:5,motorcycle:6,car:8,car:10,car:13,car:15
motorcycle:2,0,389,924,882,1971,630,1185,1437
person:3,389,0,859,886,1946,538,1126,1400
person:5,924,859,0,155,1086,323,269,540
motorcycle:6,882,886,155,0,1090,358,321,554
car:8,1971,1946,1086,1090,0,1409,820,545
car:10,630,538,323,358,1409,0,591,863
car:13,1185,1126,269,321,820,591,0,276
car:15,1437,1400,540,554,545,863,276,0
