,person1,car2,car3,car4,car6,car7
person1,0,1127,1784,1376,911,1582
car2,1127,0,670,248,259,456
car3,1784,670,0,437,924,239
car4,1376,248,437,0,489,209
car6,911,259,924,489,0,698
car7,1582,456,239,209,698,0
