,motorcycle:2,person:3,person:5,motorcycle:6,car:8,car:10,car:13,car:15
motorcycle:2,0,391,925,878,1999,635,1193,1441
person:3,391,0,857,877,1969,539,1127,1399
person:5,925,857,0,154,1112,319,273,542
motorcycle:6,878,877,154,0,1123,348,333,563
car:8,1999,1969,1112,1123,0,1431,842,569
car:10,635,539,319,348,1431,0,591,861
car:13,1193,1127,273,333,842,591,0,275
car:15,1441,1399,542,563,569,861,275,0
