,motorcycle:2,person:3,person:5,motorcycle:6,car:8,car:10,car:13,car:15
motorcycle:2,0,365,921,874,2006,620,1189,1439
person:3,365,0,857,875,1977,538,1128,1400
person:5,921,857,0,158,1120,321,274,543
motorcycle:6,874,875,158,0,1133,346,336,566
car:8,2006,1977,1120,1133,0,1441,850,577
car:10,620,538,321,346,1441,0,595,864
car:13,1189,1128,274,336,850,595,0,275
car:15,1439,1400,543,566,577,864,275,0
