,motorcycle:2,person:3,person:5,motorcycle:6,car:8,car:10,car:13,car:15
motorcycle:2,0,356,912,868,2015,617,1188,1441
person:3,356,0,847,867,1984,531,1124,1400
person:5,912,847,0,158,1137,317,280,553
motorcycle:6,868,867,158,0,1147,347,341,574
car:8,2015,1984,1137,1147,0,1454,860,584
car:10,617,531,317,347,1454,0,598,870
car:13,1188,1124,280,341,860,598,0,278
car:15,1441,1400,553,574,584,870,278,0
