,motorcycle:2,person:3,person:5,motorcycle:6,car:8,car:10,car:13,car:15
motorcycle:2,0,344,911,870,2044,610,1185,1451
person:3,344,0,856,878,2019,534,1129,1417
person:5,911,856,0,160,1163,324,277,560
motorcycle:6,870,878,160,0,1174,355,341,583
car:8,2044,2019,1163,1174,0,1487,890,602
car:10,610,534,324,355,1487,0,600,884
car:13,1185,1129,277,341,890,600,0,290
car:15,1451,1417,560,583,602,884,290,0
