,motorcycle:2,person:3,person:5,motorcycle:6,car:8,car:10,car:13,car:15
motorcycle:2,0,327,912,872,2061,605,1187,1457
person:3,327,0,862,884,2039,541,1138,1427
person:5,912,862,0,164,1177,323,279,564
motorcycle:6,872,884,164,0,1188,353,342,587
car:8,2061,2039,1177,1188,0,1500,901,612
car:10,605,541,323,353,1500,0,602,888
car:13,1187,1138,279,342,901,602,0,291
car:15,1457,1427,564,587,612,888,291,0
