,motorcycle:2,person:3,person:5,motorcycle:6,car:8,car:10,car:13,car:15
motorcycle:2,0,318,911,874,2074,602,1186,1463
person:3,318,0,867,886,2054,542,1140,1434
person:5,911,867,0,154,1187,326,277,567
motorcycle:6,874,886,154,0,1200,353,340,591
car:8,2074,2054,1187,1200,0,1513,913,619
car:10,602,542,326,353,1513,0,603,893
car:13,1186,1140,277,340,913,603,0,295
car:15,1463,1434,567,591,619,893,295,0
