,motorcycle:2,person:3,person:5,motorcycle:6,car:8,car:10,car:13,car:15
motorcycle:2,0,301,902,867,2080,594,1183,1462
person:3,301,0,863,879,2061,537,1140,1435
person:5,902,863,0,151,1199,327,282,573
motorcycle:6,867,879,151,0,1213,353,344,597
car:8,2080,2061,1199,1213,0,1526,922,626
car:10,594,537,327,353,1526,0,607,900
car:13,1183,1140,282,344,922,607,0,297
car:15,1462,1435,573,597,626,900,297,0
