,car:1,motorcycle:2,person:3,car:4,person:5,motorcycle:6
car:1,0,763,740,335,320,348
motorcycle:2,763,0,189,1092,464,416
person:3,740,189,0,1075,420,423
car:4,335,1092,1075,0,655,676
person:5,320,464,420,655,0,117
motorcycle:6,348,416,423,676,117,0
