,motorcycle:2,person:3,person:5,motorcycle:6,car:8,car:10,car:13,car:15
motorcycle:2,0,277,903,867,2117,586,1188,1470
person:3,277,0,857,872,2090,533,1140,1438
person:5,903,857,0,158,1232,327,286,580
motorcycle:6,867,872,158,0,1249,348,354,608
car:8,2117,2090,1232,1249,0,1559,950,652
car:10,586,533,327,348,1559,0,613,907
car:13,1188,1140,286,354,950,613,0,300
car:15,1470,1438,580,608,652,907,300,0
