,motorcycle:2,person:3,person:5,motorcycle:6,car:8,car:13,car:15
motorcycle:2,0,288,911,868,2127,1188,1473
person:3,288,0,858,868,2096,1132,1434
person:5,911,858,0,162,1237,278,575
motorcycle:6,868,868,162,0,1259,353,609
car:8,2127,2096,1237,1259,0,964,661
car:13,1188,1132,278,353,964,0,304
car:15,1473,1434,575,609,661,304,0
