,motorcycle:2,person:3,person:5,motorcycle:6,car:8,car:13,car:15
motorcycle:2,0,305,926,877,2149,1196,1485
person:3,305,0,864,871,2110,1132,1439
person:5,926,864,0,164,1246,271,574
motorcycle:6,877,871,164,0,1271,350,612
car:8,2149,2110,1246,1271,0,978,671
car:13,1196,1132,271,350,978,0,309
car:15,1485,1439,574,612,671,309,0
