,motorcycle:2,person:3,person:5,motorcycle:6,car:8,car:13,car:15
motorcycle:2,0,328,938,885,2173,1207,1499
person:3,328,0,864,872,2128,1133,1444
person:5,938,864,0,167,1264,272,580
motorcycle:6,885,872,167,0,1288,350,616
car:8,2173,2128,1264,1288,0,995,683
car:13,1207,1133,272,350,995,0,314
car:15,1499,1444,580,616,683,314,0
