,motorcycle:2,person:3,person:5,motorcycle:6,car:8,car:13,car:15
motorcycle:2,0,326,928,878,2192,1211,1504
person:3,326,0,853,865,2146,1136,1449
person:5,928,853,0,170,1293,286,596
motorcycle:6,878,865,170,0,1313,362,628
car:8,2192,2146,1293,1313,0,1010,697
car:13,1211,1136,286,362,1010,0,315
car:15,1504,1449,596,628,697,315,0
