,motorcycle:2,person:3,person:5,motorcycle:6,car:8,car:13,car:15
motorcycle:2,0,321,929,880,2208,1214,1507
person:3,321,0,856,867,2163,1141,1453
person:5,929,856,0,166,1306,288,596
motorcycle:6,880,867,166,0,1327,363,628
car:8,2208,2163,1306,1327,0,1022,710
car:13,1214,1141,288,363,1022,0,315
car:15,1507,1453,596,628,710,315,0
