,motorcycle:2,person:3,person:5,motorcycle:6,car:8,car:13,car:15
motorcycle:2,0,301,924,882,2225,1215,1506
person:3,301,0,859,872,2184,1147,1457
person:5,924,859,0,166,1325,292,598
motorcycle:6,882,872,166,0,1343,365,628
car:8,2225,2184,1325,1343,0,1037,727
car:13,1215,1147,292,365,1037,0,313
car:15,1506,1457,598,628,727,313,0
