,motorcycle:2,person:3,person:5,motorcycle:6,car:8,car:13,car:15
motorcycle:2,0,332,938,885,2268,1231,1526
person:3,332,0,868,877,2228,1159,1477
person:5,938,868,0,167,1360,295,609
motorcycle:6,885,877,167,0,1383,373,642
car:8,2268,2228,1360,1383,0,1070,751
car:13,1231,1159,295,373,1070,0,322
car:15,1526,1477,609,642,751,322,0
