,motorcycle:2,person:3,person:5,motorcycle:6,car:8,car:13,car:15
motorcycle:2,0,331,938,892,2285,1227,1528
person:3,331,0,865,877,2242,1153,1476
person:5,938,865,0,158,1376,291,611
motorcycle:6,892,877,158,0,1393,360,638
car:8,2285,2242,1376,1393,0,1090,765
car:13,1227,1153,291,360,1090,0,327
car:15,1528,1476,611,638,765,327,0
