,person:1,car:2,car:3,car:4,car:6,car:7
person:1,0,1138,1799,1386,929,1603
car:2,1138,0,674,248,254,466
car:3,1799,674,0,440,921,234
car:4,1386,248,440,0,483,219
car:6,929,254,921,483,0,702
car:7,1603,466,234,219,702,0
