,motorcycle:2,person:3,person:5,motorcycle:6,car:8,car:13,car:15
motorcycle:2,0,336,923,882,2283,1223,1536
person:3,336,0,851,867,2239,1149,1482
person:5,923,851,0,149,1388,302,631
motorcycle:6,882,867,149,0,1401,363,655
car:8,2283,2239,1388,1401,0,1091,757
car:13,1223,1149,302,363,1091,0,336
car:15,1536,1482,631,655,757,336,0
