,motorcycle:2,person:3,person:5,motorcycle:6,car:8,car:13,car:15
motorcycle:2,0,372,945,878,2283,1237,1549
person:3,372,0,858,859,2233,1150,1487
person:5,945,858,0,165,1375,296,628
motorcycle:6,878,859,165,0,1406,378,670
car:8,2283,2233,1375,1406,0,1083,746
car:13,1237,1150,296,378,1083,0,339
car:15,1549,1487,628,670,746,339,0
