,motorcycle:2,person:3,person:5,motorcycle:6,car:8,car:13,car:15
motorcycle:2,0,385,950,901,2275,1243,1559
person:3,385,0,856,861,2218,1149,1491
person:5,950,856,0,129,1362,298,635
motorcycle:6,901,861,129,0,1379,352,658
car:8,2275,2218,1362,1379,0,1069,727
car:13,1243,1149,298,352,1069,0,343
car:15,1559,1491,635,658,727,343,0
