,motorcycle:2,person:3,person:5,motorcycle:6,car:8,car:13,car:15
motorcycle:2,0,391,960,900,2275,1255,1574
person:3,391,0,861,865,2215,1156,1502
person:5,960,861,0,150,1354,299,641
motorcycle:6,900,865,150,0,1378,369,673
car:8,2275,2215,1354,1378,0,1059,712
car:13,1255,1156,299,369,1059,0,349
car:15,1574,1502,641,673,712,349,0
