,motorcycle:2,person:3,person:5,motorcycle:6,car:8,car:13,car:15
motorcycle:2,0,407,966,903,2263,1263,1582
person:3,407,0,863,874,2202,1160,1508
person:5,966,863,0,169,1338,301,644
motorcycle:6,903,874,169,0,1362,380,679
car:8,2263,2202,1338,1362,0,1042,694
car:13,1263,1160,301,380,1042,0,350
car:15,1582,1508,644,679,694,350,0
