,person:1,car:2,car:3,car:4,car:6,car:7
person:1,0,1143,1805,1391,936,1608
car:2,1143,0,676,247,253,465
car:3,1805,676,0,442,921,236
car:4,1391,247,442,0,481,219
car:6,936,253,921,481,0,699
car:7,1608,465,236,219,699,0
