,car:1,motorcycle:2,person:3,car:4,person:5,motorcycle:6
car:1,0,765,742,346,318,343
motorcycle:2,765,0,186,1106,467,422
person:3,742,186,0,1088,423,428
car:4,346,1106,1088,0,665,683
person:5,318,467,423,665,0,117
motorcycle:6,343,422,428,683,117,0
