,motorcycle:2,person:3,person:5,motorcycle:6,car:13,car:15
motorcycle:2,0,409,964,892,1271,1607
person:3,409,0,846,856,1153,1520
person:5,964,846,0,184,312,674
motorcycle:6,892,856,184,0,404,715
car:13,1271,1153,312,404,0,371
car:15,1607,1520,674,715,371,0
