,motorcycle:2,person:3,person:5,motorcycle:6,car:13,car:15
motorcycle:2,0,415,961,893,1274,1610
person:3,415,0,842,852,1156,1523
person:5,961,842,0,174,319,681
motorcycle:6,893,852,174,0,400,717
car:13,1274,1156,319,400,0,371
car:15,1610,1523,681,717,371,0
