,motorcycle:2,person:3,person:5,motorcycle:6,car:13,car:15
motorcycle:2,0,407,961,892,1275,1608
person:3,407,0,842,851,1158,1523
person:5,961,842,0,174,320,680
motorcycle:6,892,851,174,0,401,716
car:13,1275,1158,320,401,0,368
car:15,1608,1523,680,716,368,0
