,motorcycle:2,person:3,person:5,motorcycle:6,car:13,car:15
motorcycle:2,0,388,959,888,1274,1611
person:3,388,0,840,846,1159,1524
person:5,959,840,0,183,321,684
motorcycle:6,888,846,183,0,406,723
car:13,1274,1159,321,406,0,369
car:15,1611,1524,684,723,369,0
