,motorcycle:2,person:3,person:5,motorcycle:6,car:13,car:15
motorcycle:2,0,395,953,876,1265,1602
person:3,395,0,832,855,1147,1513
person:5,953,832,0,228,319,680
motorcycle:6,876,855,228,0,430,731
car:13,1265,1147,319,430,0,369
car:15,1602,1513,680,731,369,0
