,motorcycle:2,person:3,person:5,motorcycle:6,car:13,car:15
motorcycle:2,0,404,955,877,1266,1610
person:3,404,0,832,855,1148,1521
person:5,955,832,0,225,319,688
motorcycle:6,877,855,225,0,427,736
car:13,1266,1148,319,427,0,375
car:15,1610,1521,688,736,375,0
