,motorcycle:2,person:3,person:5,motorcycle:6,car:13,car:15
motorcycle:2,0,417,955,879,1266,1621
person:3,417,0,830,856,1147,1533
person:5,955,830,0,219,320,702
motorcycle:6,879,856,219,0,420,743
car:13,1266,1147,320,420,0,388
car:15,1621,1533,702,743,388,0
