,motorcycle:2,person:3,person:5,motorcycle:6,car:13,car:15
motorcycle:2,0,422,954,889,1268,1624
person:3,422,0,828,850,1146,1533
person:5,954,828,0,185,322,705
motorcycle:6,889,850,185,0,399,734
car:13,1268,1146,322,399,0,389
car:15,1624,1533,705,734,389,0
