,car:1,motorcycle:2,person:3,car:4,person:5,motorcycle:6
car:1,0,768,745,350,316,343
motorcycle:2,768,0,183,1112,472,426
person:3,745,183,0,1095,428,431
car:4,350,1112,1095,0,666,686
person:5,316,472,428,666,0,117
motorcycle:6,343,426,431,686,117,0
