,person:1,car:2,car:3,car:4,car:6,car:7
person:1,0,1147,1811,1394,941,1609
car:2,1147,0,677,246,253,462
car:3,1811,677,0,445,923,240
car:4,1394,246,445,0,480,217
car:6,941,253,923,480,0,696
car:7,1609,462,240,217,696,0
