,motorcycle:2,person:3,person:5,motorcycle:6,car:13,car:15
motorcycle:2,0,392,947,876,1265,1624
person:3,392,0,834,841,1156,1544
person:5,947,834,0,179,325,710
motorcycle:6,876,841,179,0,409,748
car:13,1265,1156,325,409,0,391
car:15,1624,1544,710,748,391,0
