,motorcycle:2,person:3,person:5,motorcycle:6,car:13,car:15
motorcycle:2,0,423,938,865,1267,1622
person:3,423,0,818,826,1152,1540
person:5,938,818,0,170,338,722
motorcycle:6,865,826,170,0,414,757
car:13,1267,1152,338,414,0,392
car:15,1622,1540,722,757,392,0
