,motorcycle:2,person:3,person:5,motorcycle:6,car:13,car:15
motorcycle:2,0,416,930,860,1268,1626
person:3,416,0,815,827,1158,1548
person:5,930,815,0,173,347,732
motorcycle:6,860,827,173,0,422,766
car:13,1268,1158,347,422,0,393
car:15,1626,1548,732,766,393,0
