,motorcycle:2,person:3,person:5,motorcycle:6,car:13,car:15
motorcycle:2,0,428,938,865,1274,1632
person:3,428,0,823,834,1164,1555
person:5,938,823,0,174,345,731
motorcycle:6,865,834,174,0,423,767
car:13,1274,1164,345,423,0,393
car:15,1632,1555,731,767,393,0
