,motorcycle:2,person:3,person:5,motorcycle:6,car:13,car:15
motorcycle:2,0,433,929,857,1271,1630
person:3,433,0,814,828,1161,1553
person:5,929,814,0,174,351,739
motorcycle:6,857,828,174,0,425,772
car:13,1271,1161,351,425,0,395
car:15,1630,1553,739,772,395,0
