,motorcycle:2,person:3,person:5,motorcycle:6,car:13,car:15
motorcycle:2,0,422,921,856,1264,1629
person:3,422,0,804,822,1155,1552
person:5,921,804,0,172,354,748
motorcycle:6,856,822,172,0,420,773
car:13,1264,1155,354,420,0,400
car:15,1629,1552,748,773,400,0
