,motorcycle:2,person:3,person:5,motorcycle:6,car:13,car:15
motorcycle:2,0,416,918,855,1263,1629
person:3,416,0,799,817,1150,1549
person:5,918,799,0,170,354,750
motorcycle:6,855,817,170,0,420,774
car:13,1263,1150,354,420,0,402
car:15,1629,1549,750,774,402,0
