,motorcycle:2,person:3,person:5,motorcycle:6,car:13,car:15
motorcycle:2,0,420,912,848,1252,1622
person:3,420,0,799,816,1145,1549
person:5,912,799,0,166,350,749
motorcycle:6,848,816,166,0,416,774
car:13,1252,1145,350,416,0,407
car:15,1622,1549,749,774,407,0
