,person1,car2,car3,car4,car6,car7
person1,0,1155,1821,1401,948,1621
car2,1155,0,679,245,254,466
car3,1821,679,0,447,925,238
car4,1401,245,447,0,479,222
car6,948,254,925,479,0,701
car7,1621,466,238,222,701,0
