,car:1,motorcycle:2,person:3,car:4,person:5,motorcycle:6
car:1,0,763,744,354,316,342
motorcycle:2,763,0,165,1113,463,424
person:3,744,165,0,1099,428,432
car:4,354,1113,1099,0,670,689
person:5,316,463,428,670,0,113
motorcycle:6,342,424,432,689,113,0
