,motorcycle:2,person:3,person:5,motorcycle:6,car:13,car:15
motorcycle:2,0,460,939,872,1277,1668
person:3,460,0,816,833,1161,1588
person:5,939,816,0,165,349,772
motorcycle:6,872,833,165,0,414,797
car:13,1277,1161,349,414,0,429
car:15,1668,1588,772,797,429,0
