,motorcycle:2,person:3,person:5,motorcycle:6,car:13,car:15
motorcycle:2,0,465,933,868,1281,1674
person:3,465,0,810,830,1166,1595
person:5,933,810,0,161,360,785
motorcycle:6,868,830,161,0,421,807
car:13,1281,1166,360,421,0,432
car:15,1674,1595,785,807,432,0
