,motorcycle:2,person:3,person:5,motorcycle:6,car:13,car:15
motorcycle:2,0,468,934,865,1284,1678
person:3,468,0,811,833,1169,1600
person:5,934,811,0,170,362,789
motorcycle:6,865,833,170,0,428,814
car:13,1284,1169,362,428,0,434
car:15,1678,1600,789,814,434,0
