,motorcycle:2,person:3,person:5,motorcycle:6,car:13,car:15
motorcycle:2,0,439,916,855,1268,1675
person:3,439,0,805,828,1161,1603
person:5,916,805,0,166,362,799
motorcycle:6,855,828,166,0,425,821
car:13,1268,1161,362,425,0,444
car:15,1675,1603,799,821,444,0
