,motorcycle:2,person:3,person:5,motorcycle:6,car:13,car:15
motorcycle:2,0,427,909,850,1260,1679
person:3,427,0,801,824,1156,1609
person:5,909,801,0,165,360,808
motorcycle:6,850,824,165,0,422,830
car:13,1260,1156,360,422,0,455
car:15,1679,1609,808,830,455,0
