,motorcycle:2,person:3,person:5,motorcycle:6,car:13,car:15
motorcycle:2,0,453,914,849,1269,1698
person:3,453,0,797,813,1157,1620
person:5,914,797,0,154,366,824
motorcycle:6,849,813,154,0,427,850
car:13,1269,1157,366,427,0,464
car:15,1698,1620,824,850,464,0
