,car:1,motorcycle:2,person:3,car:4,person:5,motorcycle:6
car:1,0,762,747,360,318,343
motorcycle:2,762,0,156,1119,457,423
person:3,747,156,0,1107,429,433
car:4,360,1119,1107,0,678,696
person:5,318,457,429,678,0,110
motorcycle:6,343,423,433,696,110,0
