,motorcycle:2,person:3,person:5,motorcycle:6,car:13,car:15
motorcycle:2,0,463,917,852,1273,1708
person:3,463,0,797,808,1156,1628
person:5,917,797,0,142,365,832
motorcycle:6,852,808,142,0,425,859
car:13,1273,1156,365,425,0,473
car:15,1708,1628,832,859,473,0
