,motorcycle:2,person:3,person:5,motorcycle:6,car:13,car:15
motorcycle:2,0,459,922,853,1274,1717
person:3,459,0,797,806,1156,1636
person:5,922,797,0,147,364,839
motorcycle:6,853,806,147,0,425,867
car:13,1274,1156,364,425,0,481
car:15,1717,1636,839,867,481,0
