,motorcycle:2,person:3,person:5,motorcycle:6,car:13,car:15
motorcycle:2,0,457,918,848,1269,1718
person:3,457,0,792,804,1152,1638
person:5,918,792,0,155,364,846
motorcycle:6,848,804,155,0,426,873
car:13,1269,1152,364,426,0,487
car:15,1718,1638,846,873,487,0
