,motorcycle:2,person:3,person:5,motorcycle:6,car:13,car:15
motorcycle:2,0,474,915,848,1271,1727
person:3,474,0,791,809,1154,1649
person:5,915,791,0,156,369,859
motorcycle:6,848,809,156,0,428,883
car:13,1271,1154,369,428,0,496
car:15,1727,1649,859,883,496,0
