,motorcycle:2,person:3,person:5,motorcycle:6,car:13,car:15
motorcycle:2,0,476,917,849,1274,1740
person:3,476,0,795,812,1157,1661
person:5,917,795,0,155,369,867
motorcycle:6,849,812,155,0,432,894
car:13,1274,1157,369,432,0,505
car:15,1740,1661,867,894,505,0
