,motorcycle:2,person:3,person:5,motorcycle:6,car:13,car:15
motorcycle:2,0,479,916,846,1281,1748
person:3,479,0,794,813,1165,1670
person:5,916,794,0,159,377,877
motorcycle:6,846,813,159,0,440,904
car:13,1281,1165,377,440,0,505
car:15,1748,1670,877,904,505,0
