,motorcycle:2,person:3,person:5,motorcycle:6,car:13,car:15
motorcycle:2,0,474,914,843,1283,1751
person:3,474,0,794,809,1170,1676
person:5,914,794,0,154,382,882
motorcycle:6,843,809,154,0,444,910
car:13,1283,1170,382,444,0,506
car:15,1751,1676,882,910,506,0
