,motorcycle:2,person:3,person:5,motorcycle:6,car:13,car:15
motorcycle:2,0,437,912,842,1288,1773
person:3,437,0,796,804,1179,1700
person:5,912,796,0,154,388,904
motorcycle:6,842,804,154,0,451,934
car:13,1288,1179,388,451,0,522
car:15,1773,1700,904,934,522,0
