,person:1,car:2,car:3,car:4,car:6,car:7
person:1,0,1163,1833,1409,957,1635
car:2,1163,0,683,245,252,472
car:3,1833,683,0,452,927,234
car:4,1409,245,452,0,477,229
car:6,957,252,927,477,0,706
car:7,1635,472,234,229,706,0
