,motorcycle:2,person:3,person:5,motorcycle:6,car:13,car:15
motorcycle:2,0,426,911,840,1287,1780
person:3,426,0,795,802,1180,1708
person:5,911,795,0,156,389,913
motorcycle:6,840,802,156,0,453,943
car:13,1287,1180,389,453,0,530
car:15,1780,1708,913,943,530,0
