,motorcycle:2,person:3,person:5,motorcycle:6,car:13,car:15
motorcycle:2,0,433,905,837,1288,1789
person:3,433,0,796,806,1184,1720
person:5,905,796,0,154,393,924
motorcycle:6,837,806,154,0,456,954
car:13,1288,1184,393,456,0,537
car:15,1789,1720,924,954,537,0
