,motorcycle:2,person:3,person:5,motorcycle:6,car:13,car:15
motorcycle:2,0,430,902,834,1282,1797
person:3,430,0,798,806,1181,1730
person:5,902,798,0,152,390,933
motorcycle:6,834,806,152,0,454,965
car:13,1282,1181,390,454,0,549
car:15,1797,1730,933,965,549,0
