,motorcycle:2,person:3,person:5,motorcycle:6,car:13,car:15
motorcycle:2,0,450,903,834,1290,1804
person:3,450,0,791,801,1182,1733
person:5,903,791,0,150,398,943
motorcycle:6,834,801,150,0,461,973
car:13,1290,1182,398,461,0,551
car:15,1804,1733,943,973,551,0
