,motorcycle:2,person:3,person:5,motorcycle:6,car:13,car:15
motorcycle:2,0,449,900,832,1293,1813
person:3,449,0,791,802,1188,1744
person:5,900,791,0,151,404,954
motorcycle:6,832,802,151,0,466,984
car:13,1293,1188,404,466,0,557
car:15,1813,1744,954,984,557,0
