,motorcycle:2,person:3,person:5,motorcycle:6,car:13,car:15
motorcycle:2,0,444,898,830,1300,1832
person:3,444,0,788,798,1195,1763
person:5,898,788,0,151,414,976
motorcycle:6,830,798,151,0,475,1005
car:13,1300,1195,414,475,0,569
car:15,1832,1763,976,1005,569,0
