,motorcycle:2,person:3,person:5,motorcycle:6,car:13,car:15
motorcycle:2,0,440,896,826,1296,1840
person:3,440,0,786,793,1190,1769
person:5,896,786,0,151,411,985
motorcycle:6,826,793,151,0,475,1017
car:13,1296,1190,411,475,0,580
car:15,1840,1769,985,1017,580,0
