,motorcycle:2,person:3,person:5,motorcycle:6,car:13,car:15
motorcycle:2,0,433,888,819,1299,1846
person:3,433,0,778,787,1193,1775
person:5,888,778,0,154,422,998
motorcycle:6,819,787,154,0,485,1029
car:13,1299,1193,422,485,0,583
car:15,1846,1775,998,1029,583,0
