,motorcycle:2,person:3,person:5,motorcycle:6,car:13,car:15
motorcycle:2,0,436,887,820,1301,1855
person:3,436,0,778,794,1199,1787
person:5,887,778,0,159,427,1010
motorcycle:6,820,794,159,0,487,1037
car:13,1301,1199,427,487,0,589
car:15,1855,1787,1010,1037,589,0
