,car:1,motorcycle:2,person:3,car:4,person:5,motorcycle:6
car:1,0,776,759,367,320,348
motorcycle:2,776,0,174,1138,475,430
person:3,759,174,0,1126,439,440
car:4,367,1138,1126,0,687,708
person:5,320,475,439,687,0,120
motorcycle:6,348,430,440,708,120,0
