,person1,car2,car3,car4,car6,car7
person1,0,1163,1836,1410,961,1637
car2,1163,0,687,247,247,475
car3,1836,687,0,455,927,235
car4,1410,247,455,0,474,231
car6,961,247,927,474,0,705
car7,1637,475,235,231,705,0
