,motorcycle:2,person:3,person:5,motorcycle:6,car:13,car:15
motorcycle:2,0,446,888,823,1311,1869
person:3,446,0,775,796,1204,1799
person:5,888,775,0,162,436,1025
motorcycle:6,823,796,162,0,494,1049
car:13,1311,1204,436,494,0,595
car:15,1869,1799,1025,1049,595,0
