,motorcycle:2,person:3,person:5,motorcycle:6,car:13,car:15
motorcycle:2,0,425,878,818,1311,1875
person:3,425,0,775,800,1214,1812
person:5,878,775,0,166,445,1038
motorcycle:6,818,800,166,0,501,1058
car:13,1311,1214,445,501,0,598
car:15,1875,1812,1038,1058,598,0
