,motorcycle:2,person:3,person:5,motorcycle:6,car:13,car:15
motorcycle:2,0,443,890,822,1309,1896
person:3,443,0,782,806,1210,1834
person:5,890,782,0,173,434,1053
motorcycle:6,822,806,173,0,494,1075
car:13,1309,1210,434,494,0,625
car:15,1896,1834,1053,1075,625,0
