,motorcycle:2,person:3,person:5,motorcycle:6,car:13,car:15
motorcycle:2,0,438,879,817,1307,1911
person:3,438,0,772,801,1210,1852
person:5,879,772,0,171,443,1080
motorcycle:6,817,801,171,0,498,1096
car:13,1307,1210,443,498,0,642
car:15,1911,1852,1080,1096,642,0
