,motorcycle:2,person:3,person:5,motorcycle:6,car:13,car:15
motorcycle:2,0,420,868,807,1300,1915
person:3,420,0,770,797,1210,1860
person:5,868,770,0,171,445,1090
motorcycle:6,807,797,171,0,500,1109
car:13,1300,1210,445,500,0,651
car:15,1915,1860,1090,1109,651,0
