,motorcycle:2,person:3,person:5,motorcycle:6,car:13,car:15
motorcycle:2,0,405,867,805,1301,1928
person:3,405,0,773,795,1214,1875
person:5,867,773,0,170,446,1102
motorcycle:6,805,795,170,0,504,1124
car:13,1301,1214,446,504,0,662
car:15,1928,1875,1102,1124,662,0
