,motorcycle:2,person:3,person:5,motorcycle:6,car:13,car:15
motorcycle:2,0,411,873,805,1302,1940
person:3,411,0,773,788,1210,1883
person:5,873,773,0,168,441,1110
motorcycle:6,805,788,168,0,504,1137
car:13,1302,1210,441,504,0,674
car:15,1940,1883,1110,1137,674,0
