,motorcycle:2,person:3,person:5,motorcycle:6,car:13,car:15
motorcycle:2,0,424,885,817,1312,1958
person:3,424,0,774,789,1211,1895
person:5,885,774,0,163,441,1121
motorcycle:6,817,789,163,0,499,1144
car:13,1312,1211,441,499,0,686
car:15,1958,1895,1121,1144,686,0
