,person1,car2,car3,car4,car6,car7
person1,0,1167,1842,1414,973,1642
car2,1167,0,689,246,240,475
car3,1842,689,0,458,921,236
car4,1414,246,458,0,465,232
car6,973,240,921,465,0,696
car7,1642,475,236,232,696,0
