,car:1,motorcycle:2,person:3,car:4,person:5,motorcycle:6
car:1,0,773,759,370,321,346
motorcycle:2,773,0,170,1139,469,429
person:3,759,170,0,1130,439,444
car:4,370,1139,1130,0,691,710
person:5,321,469,439,691,0,121
motorcycle:6,346,429,444,710,121,0
