,motorcycle:2,person:3,person:5,motorcycle:6,car:13,car:15
motorcycle:2,0,414,878,815,1312,1967
person:3,414,0,777,794,1218,1909
person:5,878,777,0,160,446,1133
motorcycle:6,815,794,160,0,502,1154
car:13,1312,1218,446,502,0,692
car:15,1967,1909,1133,1154,692,0
