,motorcycle:2,person:3,person:5,motorcycle:6,car:13,car:15
motorcycle:2,0,416,874,812,1316,1982
person:3,416,0,769,787,1218,1921
person:5,874,769,0,158,454,1153
motorcycle:6,812,787,158,0,508,1173
car:13,1316,1218,454,508,0,704
car:15,1982,1921,1153,1173,704,0
