,motorcycle:2,person:3,person:5,motorcycle:6,car:13,car:15
motorcycle:2,0,413,874,809,1317,1993
person:3,413,0,773,785,1222,1934
person:5,874,773,0,155,454,1162
motorcycle:6,809,785,155,0,512,1186
car:13,1317,1222,454,512,0,713
car:15,1993,1934,1162,1186,713,0
