,motorcycle:2,person:3,person:5,motorcycle:6,car:13,car:15
motorcycle:2,0,394,867,806,1312,2000
person:3,394,0,769,778,1220,1943
person:5,867,769,0,149,456,1174
motorcycle:6,806,778,149,0,510,1197
car:13,1312,1220,456,510,0,725
car:15,2000,1943,1174,1197,725,0
