,motorcycle:2,person:3,person:5,motorcycle:6,car:13,car:15
motorcycle:2,0,375,855,797,1313,2004
person:3,375,0,765,772,1227,1950
person:5,855,765,0,140,467,1185
motorcycle:6,797,772,140,0,520,1209
car:13,1313,1227,467,520,0,725
car:15,2004,1950,1185,1209,725,0
