,motorcycle:2,person:3,person:5,motorcycle:6,car:13,car:15
motorcycle:2,0,395,862,800,1319,2031
person:3,395,0,769,776,1227,1974
person:5,862,769,0,145,465,1206
motorcycle:6,800,776,145,0,524,1234
car:13,1319,1227,465,524,0,748
car:15,2031,1974,1206,1234,748,0
