,motorcycle:2,person:3,person:5,motorcycle:6,car:13,car:15
motorcycle:2,0,407,864,798,1322,2038
person:3,407,0,764,777,1225,1978
person:5,864,764,0,159,468,1215
motorcycle:6,798,777,159,0,530,1242
car:13,1322,1225,468,530,0,754
car:15,2038,1978,1215,1242,754,0
