,motorcycle:2,person:3,person:5,motorcycle:6,car:13,car:15
motorcycle:2,0,414,867,798,1326,2043
person:3,414,0,766,774,1229,1984
person:5,867,766,0,155,469,1219
motorcycle:6,798,774,155,0,533,1249
car:13,1326,1229,469,533,0,757
car:15,2043,1984,1219,1249,757,0
