,car:1,motorcycle:2,person:3,car:4,person:5,motorcycle:6
car:1,0,769,759,374,318,346
motorcycle:2,769,0,155,1140,465,427
person:3,759,155,0,1133,441,445
car:4,374,1140,1133,0,692,713
person:5,318,465,441,692,0,121
motorcycle:6,346,427,445,713,121,0
