,person:1,car:2,car:3,car:4,car:6,car:7
person:1,0,1171,1849,1417,983,1650
car:2,1171,0,691,245,233,479
car:3,1849,691,0,460,915,235
car:4,1417,245,460,0,457,236
car:6,983,233,915,457,0,693
car:7,1650,479,235,236,693,0
