,motorcycle:2,person:3,person:5,motorcycle:6,car:13,car:15
motorcycle:2,0,414,879,810,1338,2060
person:3,414,0,779,794,1245,2005
person:5,879,779,0,169,472,1227
motorcycle:6,810,794,169,0,535,1253
car:13,1338,1245,472,535,0,762
car:15,2060,2005,1227,1253,762,0
