,motorcycle:2,person:3,person:5,motorcycle:6,car:13,car:15
motorcycle:2,0,423,886,816,1344,2067
person:3,423,0,783,798,1247,2009
person:5,886,783,0,169,470,1227
motorcycle:6,816,798,169,0,534,1253
car:13,1344,1247,470,534,0,764
car:15,2067,2009,1227,1253,764,0
