,motorcycle:2,person:3,person:5,motorcycle:6,car:13,car:15
motorcycle:2,0,426,887,817,1350,2073
person:3,426,0,783,798,1252,2014
person:5,887,783,0,166,475,1232
motorcycle:6,817,798,166,0,538,1258
car:13,1350,1252,475,538,0,763
car:15,2073,2014,1232,1258,763,0
