,motorcycle:2,person:3,person:5,motorcycle:6,car:13,car:15
motorcycle:2,0,432,887,817,1354,2076
person:3,432,0,783,800,1260,2021
person:5,887,783,0,167,482,1238
motorcycle:6,817,800,167,0,542,1262
car:13,1354,1260,482,542,0,763
car:15,2076,2021,1238,1262,763,0
