,motorcycle:2,person:3,person:5,motorcycle:6,car:13,car:15
motorcycle:2,0,417,878,812,1355,2081
person:3,417,0,781,800,1264,2027
person:5,878,781,0,169,489,1247
motorcycle:6,812,800,169,0,549,1271
car:13,1355,1264,489,549,0,764
car:15,2081,2027,1247,1271,764,0
