,motorcycle:2,person:3,person:5,motorcycle:6,car:13,car:15
motorcycle:2,0,393,871,810,1356,2086
person:3,393,0,778,797,1270,2034
person:5,871,778,0,168,497,1257
motorcycle:6,810,797,168,0,553,1278
car:13,1356,1270,497,553,0,766
car:15,2086,2034,1257,1278,766,0
