,motorcycle:2,person:3,person:5,motorcycle:6,car:13,car:15
motorcycle:2,0,409,864,806,1361,2092
person:3,409,0,770,790,1276,2042
person:5,864,770,0,156,511,1272
motorcycle:6,806,790,156,0,558,1289
car:13,1361,1276,511,558,0,766
car:15,2092,2042,1272,1289,766,0
