,person:1,car:2,car:3,car:4,car:6,car:7
person:1,0,1179,1859,1424,995,1659
car:2,1179,0,693,244,228,480
car:3,1859,693,0,463,913,235
car:4,1424,244,463,0,452,238
car:6,995,228,913,452,0,690
car:7,1659,480,235,238,690,0
