,motorcycle:2,person:3,person:5,motorcycle:6,car:13,car:15
motorcycle:2,0,395,852,797,1362,2097
person:3,395,0,764,782,1283,2049
person:5,852,764,0,152,524,1286
motorcycle:6,797,782,152,0,568,1303
car:13,1362,1283,524,568,0,766
car:15,2097,2049,1286,1303,766,0
