,motorcycle:2,person:3,person:5,motorcycle:6,car:13,car:15
motorcycle:2,0,400,851,795,1366,2098
person:3,400,0,759,779,1286,2050
person:5,851,759,0,154,531,1292
motorcycle:6,795,779,154,0,573,1307
car:13,1366,1286,531,573,0,765
car:15,2098,2050,1292,1307,765,0
