,motorcycle:2,person:3,person:5,motorcycle:6,car:13,car:15
motorcycle:2,0,402,852,793,1371,2101
person:3,402,0,761,781,1293,2055
person:5,852,761,0,159,536,1295
motorcycle:6,793,781,159,0,581,1312
car:13,1371,1293,536,581,0,762
car:15,2101,2055,1295,1312,762,0
