,motorcycle:2,person:3,person:5,motorcycle:6,car:13,car:15
motorcycle:2,0,382,844,789,1372,2096
person:3,382,0,760,781,1300,2055
person:5,844,760,0,159,543,1295
motorcycle:6,789,781,159,0,586,1310
car:13,1372,1300,543,586,0,756
car:15,2096,2055,1295,1310,756,0
