,motorcycle:2,person:3,person:5,motorcycle:6,car:13,car:15
motorcycle:2,0,359,853,798,1389,2108
person:3,359,0,763,778,1314,2063
person:5,853,763,0,157,552,1299
motorcycle:6,798,778,157,0,593,1313
car:13,1389,1314,552,593,0,751
car:15,2108,2063,1299,1313,751,0
