,motorcycle:2,person:3,person:5,motorcycle:6,car:13,car:15
motorcycle:2,0,373,859,801,1401,2122
person:3,373,0,762,775,1320,2073
person:5,859,762,0,156,560,1310
motorcycle:6,801,775,156,0,603,1326
car:13,1401,1320,560,603,0,756
car:15,2122,2073,1310,1326,756,0
