,motorcycle:2,person:3,person:5,motorcycle:6,car:13,car:15
motorcycle:2,0,382,857,795,1403,2125
person:3,382,0,759,774,1320,2077
person:5,857,759,0,163,564,1318
motorcycle:6,795,774,163,0,610,1334
car:13,1403,1320,564,610,0,759
car:15,2125,2077,1318,1334,759,0
