,motorcycle:2,person:3,person:5,motorcycle:6,car:13,car:15
motorcycle:2,0,405,863,796,1414,2139
person:3,405,0,762,781,1332,2090
person:5,863,762,0,172,573,1329
motorcycle:6,796,781,172,0,620,1347
car:13,1414,1332,573,620,0,759
car:15,2139,2090,1329,1347,759,0
