,person:1,car:2,car:3,car:4,car:6,car:7
person:1,0,1183,1866,1428,999,1667
car:2,1183,0,696,245,230,484
car:3,1866,696,0,465,916,235
car:4,1428,245,465,0,452,242
car:6,999,230,916,452,0,694
car:7,1667,484,235,242,694,0
