,car:1,motorcycle:2,person:3,car:4,person:5,motorcycle:6
car:1,0,782,764,382,325,349
motorcycle:2,782,0,192,1159,474,435
person:3,764,192,0,1146,438,448
car:4,382,1159,1146,0,708,724
person:5,325,474,438,708,0,114
motorcycle:6,349,435,448,724,114,0
