,person1,car2,car3,car4,car6,car7
person1,0,1186,1871,1431,1002,1672
car2,1186,0,698,244,230,486
car3,1871,698,0,468,919,234
car4,1431,244,468,0,453,244
car6,1002,230,919,453,0,697
car7,1672,486,234,244,697,0
