,car:1,motorcycle:2,person:3,car:4,person:5,motorcycle:6
car:1,0,788,767,386,330,351
motorcycle:2,788,0,198,1168,476,437
person:3,767,198,0,1153,436,447
car:4,386,1168,1153,0,717,730
person:5,330,476,436,717,0,111
motorcycle:6,351,437,447,730,111,0
