,car:1,motorcycle:2,person:3,car:4,person:5,motorcycle:6
car:1,0,786,768,387,333,351
motorcycle:2,786,0,191,1167,470,436
person:3,768,191,0,1156,435,447
car:4,387,1167,1156,0,721,731
person:5,333,470,435,721,0,109
motorcycle:6,351,436,447,731,109,0
