,person1,car2,car3,car4,car6,car7
person1,0,1194,1886,1440,1017,1688
car2,1194,0,704,245,221,494
car3,1886,704,0,473,916,233
car4,1440,245,473,0,444,251
car6,1017,221,916,444,0,695
car7,1688,494,233,251,695,0
