,car:1,motorcycle:2,person:3,car:4,person:5,motorcycle:6
car:1,0,791,770,394,333,352
motorcycle:2,791,0,199,1178,481,440
person:3,770,199,0,1164,437,446
car:4,394,1178,1164,0,727,738
person:5,333,481,437,727,0,117
motorcycle:6,352,440,446,738,117,0
