,car:1,motorcycle:2,person:3,car:4,person:5,motorcycle:6
car:1,0,795,771,400,334,352
motorcycle:2,795,0,199,1187,485,443
person:3,771,199,0,1171,437,447
car:4,400,1187,1171,0,734,745
person:5,334,485,437,734,0,121
motorcycle:6,352,443,447,745,121,0
