,car:1,motorcycle:2,person:3,car:4,person:5,motorcycle:6
car:1,0,796,774,405,333,355
motorcycle:2,796,0,185,1195,481,442
person:3,774,185,0,1180,440,448
car:4,405,1195,1180,0,739,752
person:5,333,481,440,739,0,114
motorcycle:6,355,442,448,752,114,0
