,person:1,car:2,car:3,car:4,car:6,car:7
person:1,0,1209,1911,1460,1035,1712
car:2,1209,0,714,251,215,503
car:3,1911,714,0,475,920,230
car:4,1460,251,475,0,446,254
car:6,1035,215,920,446,0,700
car:7,1712,503,230,254,700,0
