,person:1,car:2,car:3,car:4,car:6,car:7
person:1,0,1218,1923,1470,1042,1707
car:2,1218,0,716,251,215,489
car:3,1923,716,0,476,922,243
car:4,1470,251,476,0,447,240
car:6,1042,215,922,447,0,687
car:7,1707,489,243,240,687,0
