,car:1,motorcycle:2,person:3,car:4,person:5,motorcycle:6
car:1,0,799,776,409,329,348
motorcycle:2,799,0,189,1202,493,451
person:3,776,189,0,1185,447,452
car:4,409,1202,1185,0,738,751
person:5,329,493,447,738,0,115
motorcycle:6,348,451,452,751,115,0
