,person1,car2,car3,car4,car6,car7
person1,0,1229,1935,1481,1049,1725
car2,1229,0,718,251,216,497
car3,1935,718,0,477,926,237
car4,1481,251,477,0,450,248
car6,1049,216,926,450,0,698
car7,1725,497,237,248,698,0
