,car:1,motorcycle:2,person:3,car:4,person:5,motorcycle:6
car:1,0,802,778,412,329,347
motorcycle:2,802,0,193,1208,496,455
person:3,778,193,0,1190,449,456
car:4,412,1208,1190,0,741,752
person:5,329,496,449,741,0,115
motorcycle:6,347,455,456,752,115,0
