,person:1,car:2,car:3,car:4,car:6,car:7
person:1,0,1238,1944,1487,1048,1731
car:2,1238,0,717,249,226,494
car:3,1944,717,0,479,936,237
car:4,1487,249,479,0,458,248
car:6,1048,226,936,458,0,706
car:7,1731,494,237,248,706,0
