,car:1,motorcycle:2,person:3,car:4,person:5,motorcycle:6
car:1,0,808,782,422,325,347
motorcycle:2,808,0,200,1222,503,461
person:3,782,200,0,1205,457,461
car:4,422,1222,1205,0,748,762
person:5,325,503,457,748,0,112
motorcycle:6,347,461,461,762,112,0
