,person:1,car:2,car:3,car:4,car:6,car:7
person:1,0,1247,1953,1494,1050,1734
car:2,1247,0,717,247,234,487
car:3,1953,717,0,481,943,246
car:4,1494,247,481,0,463,242
car:6,1050,234,943,463,0,706
car:7,1734,487,246,242,706,0
