,person1,car2,car3,car4,car6,car7
person1,0,1256,1961,1501,1053,1743
car2,1256,0,716,245,239,487
car3,1961,716,0,483,949,245
car4,1501,245,483,0,467,244
car6,1053,239,949,467,0,712
car7,1743,487,245,244,712,0
