,car:1,motorcycle:2,person:3,car:4,person:5,motorcycle:6
car:1,0,813,786,427,326,347
motorcycle:2,813,0,203,1232,508,466
person:3,786,203,0,1214,459,464
car:4,427,1232,1214,0,754,767
person:5,326,508,459,754,0,110
motorcycle:6,347,466,464,767,110,0
