,car:1,motorcycle:2,person:3,car:4,person:5,motorcycle:6
car:1,0,694,662,244,320,349
motorcycle:2,694,0,206,933,399,345
person:3,662,206,0,906,341,345
car:4,244,933,906,0,564,589
person:5,320,399,341,564,0,104
motorcycle:6,349,345,345,589,104,0
