,car:1,motorcycle:2,person:3,car:4,person:5,motorcycle:6
car:1,0,817,788,433,326,347
motorcycle:2,817,0,211,1242,513,470
person:3,788,211,0,1222,462,466
car:4,433,1242,1222,0,759,773
person:5,326,513,462,759,0,111
motorcycle:6,347,470,466,773,111,0
