,person:1,car:2,car:3,car:4,car:6,car:7
person:1,0,1262,1967,1508,1057,1750
car:2,1262,0,716,246,242,488
car:3,1967,716,0,483,952,247
car:4,1508,246,483,0,470,244
car:6,1057,242,952,470,0,715
car:7,1750,488,247,244,715,0
