,car:1,motorcycle:2,person:3,car:4,person:5,motorcycle:6
car:1,0,818,789,439,326,348
motorcycle:2,818,0,209,1248,513,470
person:3,789,209,0,1229,463,466
car:4,439,1248,1229,0,765,780
person:5,326,513,463,765,0,110
motorcycle:6,348,470,466,780,110,0
