,person1,car2,car3,car4,car6,car7,car8
person1,0,1267,1975,1514,1063,1759,1618
car2,1267,0,719,247,242,492,2882
car3,1975,719,0,484,953,246,3578
car4,1514,247,484,0,470,247,3129
car6,1063,242,953,470,0,717,2682
car7,1759,492,246,247,717,0,3371
car8,1618,2882,3578,3129,2682,3371,0
