,person1,car2,car3,car4,car7,car8
person1,0,1271,1981,1520,1767,1580
car2,1271,0,720,249,495,2849
car3,1981,720,0,485,245,3548
car4,1520,249,485,0,249,3098
car7,1767,495,245,249,0,3342
car8,1580,2849,3548,3098,3342,0
