,car:1,motorcycle:2,person:3,car:4,person:5,motorcycle:6
car:1,0,819,791,443,328,351
motorcycle:2,819,0,206,1254,513,468
person:3,791,206,0,1235,463,466
car:4,443,1254,1235,0,771,787
person:5,328,513,463,771,0,112
motorcycle:6,351,468,466,787,112,0
