,person1,car2,car3,car4,car7,car8
person1,0,1274,1989,1526,1773,1539
car2,1274,0,724,252,499,2811
car3,1989,724,0,486,242,3516
car4,1526,252,486,0,250,3063
car7,1773,499,242,250,0,3307
car8,1539,2811,3516,3063,3307,0
