,car:1,motorcycle:2,person:3,car:4,person:5,motorcycle:6
car:1,0,825,795,457,326,350
motorcycle:2,825,0,207,1273,522,474
person:3,795,207,0,1252,469,466
car:4,457,1273,1252,0,783,800
person:5,326,522,469,783,0,108
motorcycle:6,350,474,466,800,108,0
