,person:1,car:2,car:3,car:4,car:7,car:8
person:1,0,1280,1997,1531,1778,1496
car:2,1280,0,727,251,499,2774
car:3,1997,727,0,489,245,3484
car:4,1531,251,489,0,251,3025
car:7,1778,499,245,251,0,3271
car:8,1496,2774,3484,3025,3271,0
