,car:1,motorcycle:2,person:3,car:4,person:5,motorcycle:6
car:1,0,826,797,463,324,346
motorcycle:2,826,0,205,1281,525,480
person:3,797,205,0,1260,473,471
car:4,463,1281,1260,0,787,803
person:5,324,525,473,787,0,105
motorcycle:6,346,480,471,803,105,0
