,person1,car2,car3,car4,car7,car8
person1,0,1283,2003,1533,1782,1453
car2,1283,0,730,250,500,2735
car3,2003,730,0,492,246,3449
car4,1533,250,492,0,253,2986
car7,1782,500,246,253,0,3233
car8,1453,2735,3449,2986,3233,0
