,person:1,car:2,car:3,car:4,car:7,car:8
person:1,0,1283,2007,1536,1788,1418
car:2,1283,0,733,253,505,2701
car:3,2007,733,0,494,245,3420
car:4,1536,253,494,0,256,2953
car:7,1788,505,245,256,0,3205
car:8,1418,2701,3420,2953,3205,0
