,car:1,motorcycle:2,person:3,car:4,person:5,motorcycle:6
car:1,0,829,802,467,323,344
motorcycle:2,829,0,204,1287,529,484
person:3,802,204,0,1269,479,477
car:4,467,1287,1269,0,789,805
person:5,323,529,479,789,0,106
motorcycle:6,344,484,477,805,106,0
