,person:1,car:2,car:3,car:4,car:7,car:8
person:1,0,1284,2013,1538,1793,1381
car:2,1284,0,737,254,509,2665
car:3,2013,737,0,496,246,3390
car:4,1538,254,496,0,258,2920
car:7,1793,509,246,258,0,3174
car:8,1381,2665,3390,2920,3174,0
