,car:1,motorcycle:2,person:3,car:4,person:5,motorcycle:6
car:1,0,831,809,472,323,345
motorcycle:2,831,0,193,1295,528,485
person:3,809,193,0,1281,485,483
car:4,472,1295,1281,0,795,811
person:5,323,528,485,795,0,106
motorcycle:6,345,485,483,811,106,0
