,person:1,car:2,car:3,car:4,car:7,car:8
person:1,0,1287,2021,1542,1801,1345
car:2,1287,0,743,256,514,2632
car:3,2021,743,0,501,248,3363
car:4,1542,256,501,0,261,2888
car:7,1801,514,248,261,0,3146
car:8,1345,2632,3363,2888,3146,0
