,car:1,motorcycle:2,person:3,car:4,person:5,motorcycle:6
car:1,0,838,813,478,323,346
motorcycle:2,838,0,204,1308,537,492
person:3,813,204,0,1292,491,488
car:4,478,1308,1292,0,801,818
person:5,323,537,491,801,0,108
motorcycle:6,346,492,488,818,108,0
