,person1,car2,car3,car4,car7,car8
person1,0,1292,2030,1548,1809,1306
car2,1292,0,746,256,517,2598
car3,2030,746,0,504,250,3335
car4,1548,256,504,0,263,2854
car7,1809,517,250,263,0,3115
car8,1306,2598,3335,2854,3115,0
