,car:1,motorcycle:2,person:3,car:4,person:5,motorcycle:6
car:1,0,842,817,482,326,350
motorcycle:2,842,0,208,1317,538,492
person:3,817,208,0,1300,491,489
car:4,482,1317,1300,0,808,826
person:5,326,538,491,808,0,108
motorcycle:6,350,492,489,826,108,0
