,car:1,motorcycle:2,person:3,car:4,person:5,motorcycle:6
car:1,0,695,666,243,325,342
motorcycle:2,695,0,206,933,396,352
person:3,666,206,0,909,340,354
car:4,243,933,909,0,568,581
person:5,325,396,340,568,0,102
motorcycle:6,342,352,354,581,102,0
