,car:1,motorcycle:2,person:3,car:4,person:5,motorcycle:6
car:1,0,843,818,486,329,350
motorcycle:2,843,0,218,1321,536,492
person:3,818,218,0,1304,489,489
car:4,486,1321,1304,0,815,831
person:5,329,536,489,815,0,105
motorcycle:6,350,492,489,831,105,0
