,person:1,car:2,car:3,car:4,car:7,car:8
person:1,0,1294,2035,1551,1810,1268
car:2,1294,0,749,258,516,2562
car:3,2035,749,0,506,252,3303
car:4,1551,258,506,0,262,2820
car:7,1810,516,252,262,0,3079
car:8,1268,2562,3303,2820,3079,0
