,person1,car2,car3,car4,car7,car8
person1,0,1297,2043,1559,1818,1237
car2,1297,0,754,262,520,2534
car3,2043,754,0,506,253,3279
car4,1559,262,506,0,261,2795
car7,1818,520,253,261,0,3054
car8,1237,2534,3279,2795,3054,0
