,car:1,motorcycle:2,person:3,car:4,person:5,motorcycle:6
car:1,0,848,824,495,331,352
motorcycle:2,848,0,213,1335,539,495
person:3,824,213,0,1319,493,494
car:4,495,1335,1319,0,825,841
person:5,331,539,493,825,0,109
motorcycle:6,352,495,494,841,109,0
