,car:1,motorcycle:2,person:3,car:4,person:5,motorcycle:6
car:1,0,850,827,501,331,354
motorcycle:2,850,0,212,1344,540,496
person:3,827,212,0,1329,496,499
car:4,501,1344,1329,0,833,849
person:5,331,540,496,833,0,115
motorcycle:6,354,496,499,849,115,0
