,car:1,motorcycle:2,person:3,car:4,person:5,motorcycle:6
car:1,0,864,834,512,340,356
motorcycle:2,864,0,220,1368,545,507
person:3,834,220,0,1346,493,500
car:4,512,1368,1346,0,852,863
person:5,340,545,493,852,0,104
motorcycle:6,356,507,500,863,104,0
