,person:1,car:2,car:3,car:4,car:7,car:8
person:1,0,1311,2066,1577,1840,1142
car:2,1311,0,763,267,529,2450
car:3,2066,763,0,511,253,3208
car:4,1577,267,511,0,266,2715
car:7,1840,529,253,266,0,2980
car:8,1142,2450,3208,2715,2980,0
