,car:1,motorcycle:2,person:3,car:4,person:5,motorcycle:6
car:1,0,870,840,519,343,356
motorcycle:2,870,0,227,1381,549,514
person:3,840,227,0,1359,496,502
car:4,519,1381,1359,0,862,870
person:5,343,549,496,862,0,93
motorcycle:6,356,514,502,870,93,0
