,person:1,car:2,car:3,car:4,car:7,car:8
person:1,0,1315,2072,1582,1846,1113
car:2,1315,0,766,268,531,2425
car:3,2072,766,0,513,253,3186
car:4,1582,268,513,0,267,2692
car:7,1846,531,253,267,0,2957
car:8,1113,2425,3186,2692,2957,0
