,person1,car2,car3,car4,car7,car8
person1,0,1314,2078,1584,1852,1088
car2,1314,0,772,270,537,2399
car3,2078,772,0,517,254,3166
car4,1584,270,517,0,271,2667
car7,1852,537,254,271,0,2937
car8,1088,2399,3166,2667,2937,0
