,car:1,motorcycle:2,person:3,car:4,person:5,motorcycle:6
car:1,0,872,843,526,334,354
motorcycle:2,872,0,242,1389,560,518
person:3,843,242,0,1370,509,509
car:4,526,1389,1370,0,860,876
person:5,334,560,509,860,0,95
motorcycle:6,354,518,509,876,95,0
