,person:1,car:2,car:3,car:4,car:7,car:8
person:1,0,1312,2080,1582,1854,1064
car:2,1312,0,776,270,541,2373
car:3,2080,776,0,520,252,3144
car:4,1582,270,520,0,275,2642
car:7,1854,541,252,275,0,2915
car:8,1064,2373,3144,2642,2915,0
