,car:1,motorcycle:2,person:3,car:4,person:5,motorcycle:6
car:1,0,876,844,534,332,356
motorcycle:2,876,0,241,1399,567,519
person:3,844,241,0,1378,511,511
car:4,534,1399,1378,0,866,883
person:5,332,567,511,866,0,105
motorcycle:6,356,519,511,883,105,0
