,person:1,car:2,car:3,car:4,car:7,car:8
person:1,0,1312,2082,1581,1853,1044
car:2,1312,0,779,269,541,2352
car:3,2082,779,0,524,253,3126
car:4,1581,269,524,0,276,2619
car:7,1853,541,253,276,0,2893
car:8,1044,2352,3126,2619,2893,0
