,car:1,motorcycle:2,person:3,car:4,person:5,motorcycle:6
car:1,0,885,844,540,337,361
motorcycle:2,885,0,249,1414,572,523
person:3,844,249,0,1385,507,510
car:4,540,1414,1385,0,877,894
person:5,337,572,507,877,0,113
motorcycle:6,361,523,510,894,113,0
