,person:1,car:2,car:3,car:4,car:7,car:8
person:1,0,1309,2084,1580,1854,1019
car:2,1309,0,784,271,545,2325
car:3,2084,784,0,526,252,3103
car:4,1580,271,526,0,278,2595
car:7,1854,545,252,278,0,2870
car:8,1019,2325,3103,2595,2870,0
