,car:1,motorcycle:2,person:3,car:4,person:5,motorcycle:6
car:1,0,886,848,547,334,361
motorcycle:2,886,0,251,1422,575,524
person:3,848,251,0,1396,514,511
car:4,547,1422,1396,0,882,902
person:5,334,575,514,882,0,105
motorcycle:6,361,524,511,902,105,0
