,car:1,motorcycle:2,person:3,car:4,person:5,motorcycle:6
car:1,0,698,668,247,325,338
motorcycle:2,698,0,202,941,397,359
person:3,668,202,0,915,342,363
car:4,247,941,915,0,573,581
person:5,325,397,342,573,0,108
motorcycle:6,338,359,363,581,108,0
