,person1,car2,car3,car4,car7,car8
person1,0,1305,2084,1580,1853,1000
car2,1305,0,788,275,548,2302
car3,2084,788,0,527,253,3084
car4,1580,275,527,0,278,2576
car7,1853,548,253,278,0,2851
car8,1000,2302,3084,2576,2851,0
