,person:1,car:2,car:3,car:4,car:7,car:8
person:1,0,1302,2085,1580,1853,980
car:2,1302,0,792,278,552,2279
car:3,2085,792,0,528,253,3065
car:4,1580,278,528,0,278,2556
car:7,1853,552,253,278,0,2831
car:8,980,2279,3065,2556,2831,0
