,car:1,motorcycle:2,person:3,car:4,person:5,motorcycle:6
car:1,0,884,863,562,338,367
motorcycle:2,884,0,246,1435,568,516
person:3,863,246,0,1426,525,515
car:4,562,1435,1426,0,900,924
person:5,338,568,525,900,0,96
motorcycle:6,367,516,515,924,96,0
