,person1,car2,car3,car4,car7,car8
person1,0,1294,2079,1574,1847,969
car2,1294,0,793,281,553,2261
car3,2079,793,0,529,254,3049
car4,1574,281,529,0,279,2540
car7,1847,553,254,279,0,2814
car8,969,2261,3049,2540,2814,0
