,person1,car2,car3,car4,car7,car8
person1,0,1282,2072,1560,1839,971
car2,1282,0,797,278,557,2252
car3,2072,797,0,532,256,3043
car4,1560,278,532,0,283,2529
car7,1839,557,256,283,0,2809
car8,971,2252,3043,2529,2809,0
