,car:1,motorcycle:2,person:3,car:4,person:5,motorcycle:6
car:1,0,892,865,571,338,364
motorcycle:2,892,0,247,1451,575,527
person:3,865,247,0,1436,526,520
car:4,571,1451,1436,0,910,929
person:5,338,575,526,910,0,96
motorcycle:6,364,527,520,929,96,0
