,car:1,motorcycle:2,person:3,car:4,person:5,motorcycle:6
car:1,0,900,867,578,341,363
motorcycle:2,900,0,251,1466,580,537
person:3,867,251,0,1445,525,524
car:4,578,1466,1445,0,919,935
person:5,341,580,525,919,0,96
motorcycle:6,363,537,524,935,96,0
