,person:1,car:2,car:3,car:4,car:7,car:8
person:1,0,1274,2068,1559,1835,967
car:2,1274,0,800,286,561,2241
car:3,2068,800,0,532,255,3035
car:4,1559,286,532,0,282,2524
car:7,1835,561,255,282,0,2802
car:8,967,2241,3035,2524,2802,0
