,person1,car2,car3,car4,car7,car8
person1,0,1267,2062,1532,1830,963
car2,1267,0,801,265,563,2230
car3,2062,801,0,543,255,3026
car4,1532,265,543,0,298,2494
car7,1830,563,255,298,0,2793
car8,963,2230,3026,2494,2793,0
