,car:1,motorcycle:2,person:3,car:4,person:5,motorcycle:6
car:1,0,904,865,583,344,368
motorcycle:2,904,0,244,1476,581,536
person:3,865,244,0,1448,521,518
car:4,583,1476,1448,0,927,945
person:5,344,581,521,927,0,98
motorcycle:6,368,536,518,945,98,0
