,car:1,motorcycle:2,person:3,car:4,person:5,motorcycle:6
car:1,0,906,866,590,349,375
motorcycle:2,906,0,237,1486,578,531
person:3,866,237,0,1457,517,515
car:4,590,1486,1457,0,940,958
person:5,349,578,517,940,0,107
motorcycle:6,375,531,515,958,107,0
