,person:1,car:2,car:3,car:4,car:7,car:8
person:1,0,1257,2057,1520,1825,955
car:2,1257,0,805,262,567,2213
car:3,2057,805,0,548,256,3013
car:4,1520,262,548,0,305,2475
car:7,1825,567,256,305,0,2780
car:8,955,2213,3013,2475,2780,0
