,car:1,motorcycle:2,person:3,car:4,person:5,motorcycle:6
car:1,0,909,869,600,357,378
motorcycle:2,909,0,245,1497,578,530
person:3,869,245,0,1469,512,517
car:4,600,1497,1469,0,957,970
person:5,357,578,512,957,0,117
motorcycle:6,378,530,517,970,117,0
