,person:1,car:2,car:3,car:4,car:7,car:8
person:1,0,1252,2054,1514,1821,943
car:2,1252,0,808,262,569,2195
car:3,2054,808,0,549,255,2997
car:4,1514,262,549,0,306,2457
car:7,1821,569,255,306,0,2764
car:8,943,2195,2997,2457,2764,0
