,car:1,motorcycle:2,person:3,car:4,person:5,motorcycle:6
car:1,0,906,869,606,351,378
motorcycle:2,906,0,240,1501,579,527
person:3,869,240,0,1475,517,516
car:4,606,1501,1475,0,957,976
person:5,351,579,517,957,0,117
motorcycle:6,378,527,516,976,117,0
