,person1,car2,car3,car4,car7,car8
person1,0,1239,2043,1509,1810,958
car2,1239,0,810,269,571,2197
car3,2043,810,0,544,254,3002
car4,1509,269,544,0,301,2467
car7,1810,571,254,301,0,2769
car8,958,2197,3002,2467,2769,0
