,car:1,motorcycle:2,person:3,car:4,person:5,motorcycle:6
car:1,0,912,877,614,345,381
motorcycle:2,912,0,239,1515,591,531
person:3,877,239,0,1492,532,521
car:4,614,1515,1492,0,960,987
person:5,345,591,532,960,0,118
motorcycle:6,381,531,521,987,118,0
