,person1,car2,car3,car4,car7,car8
person1,0,1231,2038,1506,1806,953
car2,1231,0,812,274,574,2184
car3,2038,812,0,543,253,2991
car4,1506,274,543,0,299,2459
car7,1806,574,253,299,0,2758
car8,953,2184,2991,2459,2758,0
