,car:1,motorcycle:2,person:3,car:4,person:5,motorcycle:6
car:1,0,697,668,248,324,333
motorcycle:2,697,0,195,941,397,364
person:3,668,195,0,916,344,368
car:4,248,941,916,0,572,576
person:5,324,397,344,572,0,108
motorcycle:6,333,364,368,576,108,0
