,person:1,car:2,car:3,car:4,car:7,car:8
person:1,0,1226,2035,1500,1801,948
car:2,1226,0,814,273,575,2174
car:3,2035,814,0,544,252,2982
car:4,1500,273,544,0,301,2448
car:7,1801,575,252,301,0,2749
car:8,948,2174,2982,2448,2749,0
