,car:1,motorcycle:2,person:3,car:4,person:5,motorcycle:6
car:1,0,913,877,623,351,375
motorcycle:2,913,0,250,1524,590,537
person:3,877,250,0,1500,526,524
car:4,623,1524,1500,0,973,991
person:5,351,590,526,973,0,114
motorcycle:6,375,537,524,991,114,0
