,person1,car2,car3,car4,car7,car8
person1,0,1221,2032,1492,1798,949
car2,1221,0,816,270,577,2171
car3,2032,816,0,550,253,2981
car4,1492,270,550,0,306,2442
car7,1798,577,253,306,0,2748
car8,949,2171,2981,2442,2748,0
