,car:1,motorcycle:2,person:3,car:4,person:5,motorcycle:6
car:1,0,918,881,627,350,376
motorcycle:2,918,0,266,1533,596,541
person:3,881,266,0,1508,530,529
car:4,627,1533,1508,0,978,997
person:5,350,596,530,978,0,115
motorcycle:6,376,541,529,997,115,0
