,person:1,car:2,car:3,car:4,car:7,car:8
person:1,0,1220,2030,1488,1797,965
car:2,1220,0,817,268,577,2185
car:3,2030,817,0,552,254,2995
car:4,1488,268,552,0,308,2454
car:7,1797,577,254,308,0,2762
car:8,965,2185,2995,2454,2762,0
