,car:1,motorcycle:2,person:3,car:4,person:5,motorcycle:6
car:1,0,923,882,635,357,380
motorcycle:2,923,0,266,1545,592,542
person:3,882,266,0,1517,524,528
car:4,635,1545,1517,0,993,1008
person:5,357,592,524,993,0,115
motorcycle:6,380,542,528,1008,115,0
