,person:1,car:2,car:3,car:4,car:7,car:8
person:1,0,1211,2036,1484,1803,969
car:2,1211,0,831,273,592,2180
car:3,2036,831,0,560,254,3004
car:4,1484,273,560,0,318,2454
car:7,1803,592,254,318,0,2772
car:8,969,2180,3004,2454,2772,0
