,car:1,motorcycle:2,person:3,car:4,person:5,motorcycle:6
car:1,0,914,892,659,352,382
motorcycle:2,914,0,224,1564,584,532
person:3,892,224,0,1551,539,532
car:4,659,1564,1551,0,1011,1035
person:5,352,584,539,1011,0,114
motorcycle:6,382,532,532,1035,114,0
