,person:1,car:2,car:3,car:4,car:7,car:8
person:1,0,1212,2039,1485,1805,964
car:2,1212,0,833,273,593,2176
car:3,2039,833,0,562,253,3002
car:4,1485,273,562,0,320,2449
car:7,1805,593,253,320,0,2770
car:8,964,2176,3002,2449,2770,0
