,car:1,motorcycle:2,person:3,car:4,person:5,motorcycle:6
car:1,0,919,891,670,350,376
motorcycle:2,919,0,232,1579,592,543
person:3,891,232,0,1561,541,533
car:4,670,1579,1561,0,1020,1041
person:5,350,592,541,1020,0,104
motorcycle:6,376,543,533,1041,104,0
