,car:1,motorcycle:2,person:3,car:4,person:5,motorcycle:6
car:1,0,918,891,680,358,379
motorcycle:2,918,0,234,1588,582,539
person:3,891,234,0,1572,533,531
car:4,680,1588,1572,0,1038,1054
person:5,358,582,533,1038,0,99
motorcycle:6,379,539,531,1054,99,0
