,person:1,car:2,car:3,car:4,car:7,car:8
person:1,0,1211,2044,1487,1807,959
car:2,1211,0,838,275,596,2170
car:3,2044,838,0,566,255,3002
car:4,1487,275,566,0,320,2446
car:7,1807,596,255,320,0,2767
car:8,959,2170,3002,2446,2767,0
