,car:1,motorcycle:2,person:3,car:4,person:5,motorcycle:6
car:1,0,925,897,688,363,381
motorcycle:2,925,0,244,1602,587,545
person:3,897,244,0,1585,534,533
car:4,688,1602,1585,0,1051,1064
person:5,363,587,534,1051,0,97
motorcycle:6,381,545,533,1064,97,0
