,car:1,motorcycle:2,person:3,car:4,person:5,motorcycle:6
car:1,0,926,900,696,365,383
motorcycle:2,926,0,252,1611,585,543
person:3,900,252,0,1596,534,535
car:4,696,1611,1596,0,1062,1074
person:5,365,585,534,1062,0,95
motorcycle:6,383,543,535,1074,95,0
